1.015
1.946
1.43
2.118
1.493
1.136
3.221
0.572
0.458
4.505
2.768
1.792
1.168
1.912
8.174
1.438
2.015
0.716
0.222
1.449
0.335
1.199
0.697
4.191
1.225
0.965
0.873
1.095
0.658
0.687
1.09
0.904
3.548
1.945
0.598
0.709
3.227
1.745
0.996
0.798
0.953
1.694
2.793
6.741
0.93
1.193
0.763
2.241
0.74
1.979
0.763
1.646
0.907
0.512
2.015
3.41
2.218
2.289
3.005
6.505
1.455
3.816
2.306
4.722
4.166
4.603
2.122
0.557
3.423
0.673909
4.372
7.158
1.831
0.949
4.36479
2.629
0.317
0.493
7.427
3.118
0.745
1.872
0.8
4.427
0.597
2.042
1.845
1.467
8.506
3.266
2.594
0.897
1.312
1.073
0.43
1.812
1.908
2.909
0.811
2.003
0.62
2.385
0.453
1.717
2.083
1.833
0.644
1.645
2.838
2.153
2.688
1.53
3.763
4.319
2.862
0.501
0.882
0.262
0.93
0.715
0.835
1.884
1.769
0.543
0.467
0.679
0.835
1.101
0.354
0.644
1.805
4.197
1.979
1.191
1.106
8.108
0.739
1.479
0.62
1.466
1.974
1.656
1.836
1.032
0.572
2.91
3.392
0.453
1.192
2.814
0.62
3.219
0.954
1.086
0.665
1.612
0.382
5.58
1.121
1.741
2.051
1.306
1.192
0.644
3.975
0.788
1.622
3.172
1.479
1.55
1.355
8.899
0.62
1.388
0.93
0.573
5.986
0.811
0.811
0.501
0.715
1.087
2.457
1.216
2.17
1.145
1.277
0.763
1.312
3.135
1.717
1.819
0.74
2.075
2.075
2.695
5.032
3.911
1.359
2.027
1.121
1.908
1.503
5.365
1.431
1.145
0.477
1.026
0.524
2.814
1.145
4.972
0.603
2.647
3.601
3.477
4.603
0.859
1.169
3.816
7.655
1.622
0.622
2.241
1.383
2.647
1.336
0.811
6.916
2.337
0.453
1.55
5.867
3.959
0.691
1.789
1.502
0.897
0.836
3.116
0.382
6.582
1.073
6.401
1.121
5.628
1.335
0.501
3.911
1.837
3.004
1.527
0.405
1.693
1.527
3.601
2.504
3.1
0.528
0.608
2.53
12.434
0.74
0.762
0.725
3.974
0.946
0.62
1.002
0.481
0.805704
0.500296
3.22
4.085
0.549
4.245
2.79
1.264
1.979
1.765
1.387
4.836
1.026
2.242
8.799
0.334
0.477
1.288
1.025
0.573
0.453
0.62
1.274
0.718
4.071
0.784
0.837
9.658
0.978
5.861
0.582
0.464
5.013
0.238
15.89
0.783
0.32
2.689
0.796
0.37
0.804
0.453
2.118
2.531
0.638
1.728
1.617
1.063
0.97
0.859
0.416
1.556
0.665
1.378
0.942
0.397
1.919
0.911
0.531
4.947
0.949
0.568
3.494
1.996
3.772
2.214
2.099
0.669
2.365
1.289
1.121
1.373
0.936
1.478
1.388
0.913
0.812
1.035
1.453
0.295
2.286
1.502
0.676
1.57
0.711
0.634
7.743
1.725
5.677
0.342
0.539
1.042
0.791
6.917
0.28
2.378
3.20879
3.084
3.064
2.855
0.518
5.686
1.438
0.676
4.348
1.157
2.892
1.2
2.505
0.784
0.611
1.79
0.388
1.062
0.776
1.754
1.704
0.446
6.982
1.174
1.595
0.791
0.675
9.501
0.648
0.769
1.589
5.115
4.545
1.902
7.266
0.251
0.344
0.791
1.127
0.987
2.521
0.72
2.083
5.836
1.099
4.332
0.65
11.508
1.835
2.553
4.76
2.27
2.478
3.915
0.887
1.478
0.831
0.476
2.072
1.68
1.894
0.79
3.556
2.579
7.701
1.053
1.449
0.808
2.198
0.827
0.323
0.918
1.238
0.332
2.898
4.648
0.748
1.952
1.071
0.702
1.221
0.366
2.028
1.342
3.767
0.656
1.555
2.86
3.828
0.991
1.083
4.194
4.209
4.324
1.525
3.02
6.497
1.433
0.473
0.885
0.602
3.48
2.222
0.961
1.226
1.935
1.016
1.495
0.484
2.793
2.112
1.134
0.556
8.322
1.172
1.538
0.683
1.81
0.44
2.293
1.453
1.615
1.77
1.321
1.259
4.769
0.603
1.234
11.123
2.927
0.962
2.457
1.012
1.523
0.529
1.793
2.312
0.144
1.118
1.461
0.368
0.838
0.379
2.635
1.114
1.237
0.563
0.296
0.822
1.37
1.074
0.994
10.224
6.552
1.11
4.076
1.934
1.858
1.102
1.357
0.869
4.898
1.251
1.043
2.227
1.366
0.68
1.31
5.903
1.054
1.08
1.702
0.794
0.882
0.583
1.632
1.311
0.759
5.053
0.663
2.155
0.873
3.181
4.178
0.998
1.647
0.266
1.216
2.145
0.563
0.776
0.544
6.972
3.688
1.571
2.242
3.838
1.524
4.83
2.011
1.826
3.429
0.653
1.177
1.694
0.367
2.462
1.17
4.03
1.754
4.314
0.639
2.829
1.14
4.332
2.236
1.202
3.638
0.729
1.232
0.656
3.284
0.634
0.766
0.36
4.197
4.49
8.36
1.14
0.578
0.472
1.265
0.618
2.061
0.936
0.961
1.429
0.692
1.907
0.453
1.722
0.76
5.351
6.034
26.906
2.093
13.388
1.096
0.764
0.962
2.625
0.793
0.813
1.061
2.412
0.644
0.62
1.351
1.025
0.379
1.423
0.765
2.903
0.644
0.394
1.487
1.227
1.669
4.197
2.021
1.78109
2.08791
0.777
6.185
0.838
2.49
0.468
0.169
7.763
0.215
1.975
4.234
0.683
2.095
1.013
0.69
1.458
0.586
3.386
0.66
3.179
0.646
1.174
0.898
0.729
0.859
2.361
1.216
2.586
4.257
0.621
1.118
0.898
0.338
2.586
1.596
6.469
1.642
1.011
5.058
1.132
1.673
0.997
1.243
4.864
0.78
2.256
0.591
1.281
0.376
2.25
0.388
0.189
1.209
0.561
1.926
0.521
0.385
0.574
0.245
1.199
0.636
1.104
0.445
1.174
1.579
0.206
0.52
0.972344
2.147
5.037
5.665
1.369
0.905
0.504
2.532
5.332
2.652
1.219
0.219
1.228
0.55244
1.519
0.359
0.811
0.402
7.027
0.361
4.362
0.704
0.525
0.81
0.886
7.206
7.198
7.6358
3.281
0.695
0.457
3.945
1.885
2.855
1.019
2.745
0.723
0.314
0.857
4.086
0.839
2.186
2.761
3.314
0.543
1.08
2.055
2.294
9.038
1.407
1.053
0.394
4.747
1.759
1.894
0.362
0.742
2.075
1.864
0.6
0.971
3.357
1.152
1.18
6.177
5.377
4.136
0.806
1.833
0.723
0.877
1.079
2.932
0.951
0.841
0.939
1.64
1.874
0.792
0.282
0.811
3.292
0.497
2.961
3.63
0.676
4.855
1.762
0.667
0.838
5.205
0.796
1.965
0.766
11.735
8.244
3.817
1.348
3.121
2.24
2.113
0.737
14.865
2.874
1.16
1.044
0.675
1.804
0.678
1.761
0.967
1.55
6.057
3.606
2.227
1.357
3.369
1.739
5.634
0.783
0.474
7.639
5.26
1.998
1.706
7.857
7.862
2.244
2.154
1.745
2.589
1.465
1.412
0.789
0.929
0.545
1.827
1.431
2.302
0.451
0.863
0.395
1.281
0.783
0.797
1.115
4.247
0.475
1.064
1.076
1.652
1.174
1.21377
0.172226
3.157
2.082
0.783
0.337
2.063
1.357
1.079
2.193
0.789
1.894
0.775
0.843
0.677
4.259
4.87
1.097
3.351
1.166
0.491
2.45
1.911
0.661
1.191
5.904
0.561
1.161
0.743
2.857
0.94
1.669
3.694
2.093
0.877
1.786
5.746
0.732
0.727
0.724
1.871
4.496
2.508
2.065
1.745
5.056
1.073
0.515
4.781
0.817
0.68
0.462
0.331
1.045
4.813
1.704
3.399
1.158
8.863
5.105
1.019
1.728
0.352
0.636
0.827
0.668
0.583
7.589
0.665
1.269
1.311
0.848
1.541
1.801
0.731
1.306
0.716
6.155
1.53
1.1824
0.955
0.835
0.843
1.047
0.782
4.754
0.358
3.117
2.152
0.407
2.575
0.501
0.563
3.171
1.509
1.032
1.004
0.928
0.473
10.471
6.063
0.726
1.963
1.316
2.91
6.391
0.256
3.544
2.48
0.737
0.584
4.217
5.502
0.348
0.997
0.669
0.459
8.327
0.939
2.094
0.791
0.694
1.312
3.414
6.289
1.361
1.372
4.111
2.561
3.081
1.716
1.602
0.83
0.426
0.728
0.635
7.107
2.246
1.363
2.369
1.269
0.871
0.434
4.511
6.148
2.88868
1.646
1.612
0.758
4.919
0.408
0.95
0.586
1.339
0.646132
2.058
0.364
0.575
1.315
0.721
1.601
2.396
0.593
1.824
0.342
1.208
0.678
4.429
6.532
0.952
1.906
0.52
2.844
2.521
3.251
1.162
1.015
0.677
3.818
1.989
2.927
3.759
0.846
4.033
0.99
3.319
3.292
2.479
6.876
0.58
2.427
1.877
0.819
0.725
2.859
1.072
3.927
6.275
1.008
1.74
0.708
1.608
1.073
0.771
0.333
1.093
0.552
4.605
2.303
10.349
0.627
0.947
1.219
1.365
5.274
0.467
3.77285
0.225
0.314
0.966
0.54
5.682
3.174
4.617
0.467
0.907
1.104
2.913
2.368
0.484
1.723
3.039
1.797
2.36
0.45
0.87
1.733
0.231
1.682
0.464
0.817
0.33
5.753
0.355
1.191
0.537
0.459
3.017
0.456
0.4
2.893
0.787
1.057
1.903
4.663
1.749
0.62
3.117
1.423
0.27
7.719
5.023
2.3
0.198
0.611229
1.516
1.264
0.727
0.731
0.619
0.836
0.582
0.815
1.338
3.493
0.844
1.114
0.528
0.759
0.839
2.264
2.634
1.292
0.745
0.385
2.126
1.311
0.713
0.322
1.369
0.231
0.597889
0.848111
1.236
12.305
0.581
0.771
7.314
4.056
1.187
1.084
7.141
1.062
0.625
0.297
0.471
3.852
0.583
0.629
1.259
1.642
0.471
1.344
0.786
5.289
0.914
0.845
1.317
1.459
1.468
1.911
1.58
3.505
1.244
2.684
0.252
0.863
2.476
5.161
2.933
1.341
0.592
0.847
0.676
4.563
0.98
1.892
1.343
11.319
4.307
7.682
1
3.749
1.108
0.402
0.794
0.684
5.614
2.02
1.725
2.182
1.503
4.029
1.413
1.742
0.662
1.97
0.585
17.337
0.528
7.462
3.324
11.111
3.766
0.699
0.3
6.673
1.071
0.45
2.018
0.486
1.663
0.549
0.888
1.009
6.488
0.441
6.381
0.729
1.145
0.493
1.26
1.296
0.568
0.795
2.731
1.599
3.621
0.498
0.777
4.389
2.904
0.349
0.908
3.263
4.101
1.057
0.445
2.354
3.509
1.18
3.04
3.298
6.533
0.285
6.224
0.904
3.169
12.431
4.313
0.929
1.273
0.837
2.161
3.285
0.829
1.875
1.917
0.578
1.683
7.476
1.08
0.385
0.706
0.578
5.291
0.737
3.878
7.523
4.512
5.435
1.113
1.907
1.139
1.323
19.039
2.191
1.415
2.427
1.03
0.553
1.85
2.213
0.483
3.694
9.391
2.398
3.701
3.036
3.461
3.084
2.533
1.084
0.485
7.749
1.613
0.709
1.222
1.359
1.404
2.814
1.066
2.194
8.845
0.719
0.474
0.812
1.631
2.372
0.599
3.995
2.187
0.704
3.937
2.311
0.524
0.769
2.341
1.298
1.331
1.296
0.541
4.704
1.151
2.109
1.993
4.226
2.815
2.465
0.274
0.974
2.644
1.307
0.676
0.839
1.497
0.419
0.63
0.958
0.432
2.963
0.872
1.171
1.218
1.288
5.665
1.359
3.192
0.906
0.736
1.937
1.619
1.026
0.693
1.276
1.419
4.762
0.86
1.55
1.967
5.295
1.455
0.349
0.674
1.726
0.775
0.664
1.164
1.368
0.556
2.437
4.827
0.455
4.289
0.649
2.602
4.372
1.562
1.281
6.108
0.377
3.983
2.486
0.2
0.367
1.17
4.456
3.362
3.467
2.455
0.334
2.146
1.58
5.39
1.153
1.022
1.096
0.925
0.202724
2.58918
0.92
2.616
7.307
1.792
1.005
3.093
1.489
1.625
1.011
5.83
1.024
1.067
1.179
0.444
0.682
1.118
3.431
0.776
0.969
2.068
14.786
1.429
2.184
2.205
1.314
0.572
0.729
1.206
0.774
1.081
0.869
4.017
1.559
2.37
0.466
0.832
0.679
0.983
1.799
2.661
0.734
1.773
0.877
0.561
2.763
0.868
0.545
4.742
1.043
1.021
5.346
0.96
1.758
0.995
0.626
0.96
0.537
1.412
1.136
0.437
2.647
1.152
0.873
2.178
1.614
0.319
1.068
0.764
1.452
0.383
1.146
6.636
4.56
2.573
0.401
1.725
2.099
0.624024
1.46598
2.35
8.321
1.566
1.822
0.535
1.611
0.311
1.588
10
0.554
2.944
1.401
1.656
3.069
6.182
0.552
0.242
4.839
5.199
0.53
0.858
1.044
0.756
3.158
1.322
3.069
0.891
4.648
1.681
0.845
3.041
2.522
0.981
2.896
1.671
0.93
16.77
6.797
1.812
1.321
1.216
8.767
0.572
0.954
2.123
6.357
0.917
2.445
0.644
2.123
0.768
4.502
1.389
2.266
0.751
1.535
0.733
0.642
0.504
4.096
6.105
5.534
1.08977
0.253
2.127
7.655
2.766
0.703
1.373
2.099
0.834
0.432
2.042
1.305
0.453
3.077
3.177
0.906
0.477
0.452
1.17
0.626
0.787
0.446
3.131
2.099
5.676
0.767
10.755
3.264
1.154
2.506
19.224
2.978
1.453
1.573
1.546
2.573
0.804
1.102
0.506
0.463
1.28731
1.462
0.739
1.916
2.019
2.48
0.644
1.55
0.417
0.489
5.247
0.676
2.281
2.131
4.766
0.841
0.835
1.429
2.1
3.281
5.556
1.524
0.956
1.683
1.632
0.484
0.631
0.674
5.914
1.723
7.215
2.814
2.246
1.669
2.051
0.63
4.627
2.277
1.201
0.844
2.313
0.779
1.24
1.458
1.025
1.784
0.3
0.501
2.041
14.154
0.787
0.825
1.051
0.639
4.407
0.951
9.229
1.264
2.027
0.545
0.774
2.91
0.59
0.773
0.9
0.508
3.84327
1.21773
2.02
3.441
7.059
2.402
4.841
0.445
0.996
1.645
0.641
1.17
1.293
0.867
5.032
0.74
0.359
1.192
0.874
1.312
1.55
0.672
4.102
4.6
1.558
0.501
1.073
1.231
0.853
6.845
0.334
0.312
1.405
0.869
0.853
4.126
3.529
7.159
3.386
0.997
1.95
1.383
2.528
9.83
2.361
6.439
1.207
12.712
1.136
0.774
1.492
1.066
4.364
0.754
3.056
0.545
0.334
0.401
0.426
0.453
4.937
0.525
0.811
1.437
2.188
0.771
0.994
5.938
4.221
0.529
5.387
0.763
0.471
0.907
20.243
0.787
2.886
3.112
0.621
1.288
0.62
6.046
1.548
0.608
0.544
43.897
0.787
1.241
0.588
2.172
0.797
0.612
2.46
0.333
1.67
5.192
0.561
0.787
1.106
1.172
0.609
0.927
0.96
1.607
1.171
0.305
0.69
0.647
0.663
3.028
11.685
0.924
3.68
1.455
0.947
3.112
0.569
0.598
0.592
0.43042
0.571
2.754
1.246
0.437
1.198
3.321
0.723
0.629
3.988
0.296
1.613
3.846
4.191
2.162
2.813
0.617
3.087
3.643
0.893
1.101
0.931
0.755
4.168
0.286
1.032
4.911
3.814
0.649
0.391
1.662
1.017
0.73
4.395
2.086
0.562
0.239
0.764
1.934
0.909
0.749
3.687
2.026
3.904
0.904
8.679
15.739
16.088
1.333
0.482
0.575
2.303
3.385
1.384
0.742
0.665
1.02
1.32
0.884
0.569
1.087
0.658
0.355
3.233
0.935
0.721
0.438
0.757
3.689
0.471
0.702
0.49
1.892
2.021
0.975
3.374
1.826
0.849
0.291
1.136
0.704
0.42
0.842
0.854
0.4
0.716
0.313
0.621
2.794
0.967
7.304
1.995
0.854
9.784
0.859
26.43
1.482
0.938
0.858
9.595
1.051
4.63
17.507
1.431
14.553
0.786
1.321
1.111
2.005
0.665
2.337
2.099
0.56
1.024
0.993
11.475
2.003
1.173
4.102
0.532
0.848
0.656
1.082
0.568
0.543
2.021
7.417
0.436
1.574
1.152
0.741
1.452
1.088
2.287
0.949
1.463
1.718
0.996
0.494
15.885
0.883
1.672
1.593
4.254
0.596
1.925
1.418
2.715
1.496
0.514
5.639
3.552
0.402
2.61
0.561
1.705
3.247
1.002
2.751
0.909
0.614
2.766
0.503
3.837
4.531
2.647
2.047
1.68
8.609
2.456
3.182
1.281
1.926
0.633
0.473
3.796
1.049
1.765
2.075
0.421
2.053
0.945
1.264
2.606
1.449
0.669
1.119
0.716
1.238
1.205
0.417
1.44
2.679
1.452
0.439
3.661
2.075
2.695
1.574
1.128
0.982
0.298
2.545
5.89
0.683
0.66
5.604
0.661
2.832
0.894
1.346
0.432
0.411
1.013
0.513
2.697
3.525
1.756
0.64
2.094
0.762
0.403
2.092
0.782
0.664
0.385
2.73
0.411
1.111
0.517
1.176
10.141
1.383
5.698
0.442
1.479
3.911
1.138
1.983
0.468
1.555
1.714
1.041
2.552
1.249
3.597
0.358
1.937
0.751
3.998
0.596
0.41
0.473
0.382
0.361
0.331
0.525
0.344
0.469
0.318
0.477
0.382
0.31
0.327
0.428
0.349
1.717
1.869
1.375
1.055
5.965
0.855
0.529
0.471
0.961
0.639
1.015
0.916
4.021
1.738
5.973
1.091
1.543
4.229
2.766
0.859
2.17
13.771
0.387
0.918
1.717
0.767
2.639
0.653
7.28
0.787
0.837
1.718
2.964
0.692
1.431
0.54
0.628
0.449
1.407
1.319
2.13
1.217
1.049
0.787
1.86
5.223
0.937
0.775
4.293
0.713
5.13
0.685
0.354
1.888
0.784
4.134
0.621
2.222
0.453
0.83
2.48
0.457
4.126
6.529
0.857
3.209
3.472
2.122
3.182
0.451
4.771
3.458
1.955
0.226
1.067
0.305
3.637
4.795
0.758
2.576
1.00207
5.10093
2.419
0.825
1.061
8.364
0.535
0.45
0.973
2.01
1.044
0.382
4.252
0.692
7.226
2.797
1.015
0.992
0.476
1.799
0.98
5.862
1.998
3.921
4.126
3.25
0.402
1.745
0.624
0.749
1.215
1.287
0.983
0.795
1.468
0.665
1.312
0.572
0.598
1.621
0.477
0.593
11.275
0.811
0.791
2.657
4.531
0.358
1.212
0.746
2.742
0.716
0.76
0.634
2.049
0.641
0.657
0.721
0.718
2.36
0.683
1.117
2.304
1.047
1.32308
2.427
1.419
0.503
6.897
1.898
1.645
0.429
0.469
1.279
0.185
0.612
0.877
1.132
4.358
1.178
0.732
1.376
0.475
0.639
2.294
1.851
3.824
0.557
0.538
6.129
6.309
0.382
1.971
0.483
0.1
2.324
1.533
0.628
1.112
0.608
3.064
2.407
0.925
1.726
0.946
0.473
1.612
0.517
0.883
1.287
1.572
1.673
1.413
1.945
0.275
1.121
0.878
2.479
0.685
0.945
1.12
1.031
0.756
0.479
0.633
0.794
0.374
2.21
1.53
0.777
0.562
3.778
0.404
1.076
0.754
0.866
1.208
1.642
2.506
1.851
0.787
0.457
0.751
0.607
0.639
0.514
2.01
0.415
1.96
0.74
1.554
0.357
1.923
1.49
2.516
1.512
1.194
0.795
0.717
3.392
1.135
1.305
0.737
1.365
1.848
1.571
0.744
0.484
7.184
0.975
5.924
2.468
1.133
0.47
4.067
0.398
1.039
1.045
1.465
3.244
2
0.614
2.547
0.901
0.566
0.708
1.036
1.806
3.409
0.96
0.749
4.872
0.501
0.323
0.366
0.244
0.349
0.487
0.37
0.452
0.26
0.546
0.312
0.485
0.228
0.453
0.448
1.948
0.797
0.552
0.551
7.842
2.439
1.322
4.437
0.677
1.117
2.727
2.516
5.051
0.621
3.759
0.653
2.46258
1.767
2.003
0.593
6.716
4.872
3.135
2.367
1.295
0.717
0.61
1.573
0.472
5.904
0.659
1.002
0.849
0.882
0.695
3.693
4.428
1.559
0.833
2.41
1.736
0.369
1.999
0.544
2.099
2.487
6.534
0.883
2.261
1.549
2.453
3.315
3.72
0.664
2.459
1.09
1.076
5.432
0.949
1.331
0.738
2.2
0.881
0.321
0.647
2.633
0.496
1.488
1.876
2.203
0.85
0.503
3.431
2.766
2.432
1.304
2.406
0.42
1.14
12.455
2.406
3.611
4.939
1.152
2.578
3.369
8.088
0.549
1.083
1.515
0.792
0.649
2.31
1.467
0.603
0.485
0.366
2.913
1.403
1.084
1.079
1.948
1.004
2.018
0.593
0.452
0.394
1.954
0.53
2.542
0.782
0.575
1.19
0.474
0.949
1.721
2.289
0.719
1.316
0.524
1.079
0.905
1.801
0.691
1.197
0.83
0.496
3.132
9.616
1.87634
1.774
0.978
0.847
1.294
0.67
0.563
1.939
0.453
0.962
1.487
1.274
1.661
0.271
2.431
0.361
0.399
1.904
1.096
0.632
0.78
3.877
0.8
2.679
0.371
0.902
0.432
3.271
1.379
0.482
1.448
0.798
0.491
0.982
1.831
2.844
0.635
1.165
5.234
0.586
0.657
2.536
2.033
1.151
1.489
0.516
2.913
0.61
1.151
0.923
0.775
0.436
7.17
2.762
2.149
0.337
0.634
0.721
2.373
6.097
0.905
1.272
0.796
1.897
1.289
1.306
1
0.816
1.086
0.434
0.96
0.461
4.614
0.946
0.425
1.94
2.605
3.751
0.431
1.234
0.889
0.613
3.271
0.549
6.404
0.976
0.731
0.935
0.342
0.841
1.532
1.543
0.655
0.698
0.46
2.854
0.719
2.115
0.459
1.61
0.518
5.375
0.616
0.86
4.438
4.478
7.025
1.852
0.592
1.512
0.995
3.653
0.42
0.896
3.169
4.397
0.483
0.345
0.341
0.433
1.367
0.362
0.675
0.353
0.49887
0.25513
0.561
0.334
0.475
0.314
0.401
0.574
4.448
0.846
0.903
2.678
4.101
1.148
3.705
1.447
2.61
0.555
0.819
3.31
0.543
1.777
2.032
1.144
1.202
0.602
0.497
0.432
1.457
0.47
0.63
0.791
0.916
1.058
2.69
1.156
0.55
0.662
5.765
0.737
0.645
3.067
0.216
7.128
0.986
0.619
5.805
0.89
0.831
1.12
1.381
1.412
0.302
2.808
0.593
0.64
1.318
0.888
0.753
0.438
1.254
1.083
0.366
0.903
0.56
0.523
0.913
0.703
1.011
7
2.389
14.117
3.602
2.896
0.83
1.057
0.929
1.394
0.894
1.777
0.655
1.127
1.026
4.632
5.388
2.131
7.054
1.545
1.834
0.544
0.586
0.865
1.48
0.966
2.704
0.544
3.823
2.325
0.856
0.604
1.53
1.063
0.701
0.403
2.416
1.849
1.382
0.876
2.809
0.61
2.142
0.501
0.604
6.052
1.257
11.619
0.601
0.793
0.769
0.609
1.345
0.893
0.536
2.961
1.296
0.545
2.851
0.706
3.948
4.729
1.305
0.975
2.474
2.036
1.964
4.909
3.224
1.454
1.005
0.54
1.394
0.345
0.345
0.663
2.564
0.615
0.795
1.859
4.662
0.735
2.204
0.78
3.644
1.724
1.274
1.754
2.084
1.05
0.589
1.335
1.283
1.663
1.322
1.597
1.1
0.943
0.537
1.558
2.683
1.662
1.401
1.191
0.956
1.374
0.969
1.191
1.479
1.1
1.427
0.995
0.302
0.641
0.654
0.537
2.382
1.296
0.406
0.825
0.432
2.448
1.191
0.353
0.825
0.615
1.924
1.414
1.217
2.696
0.367
1.191
0.537
1.23
0.864
0.72
0.51
2.068
1.021
1.191
1.113
0.458
1.257
1.191
0.641
2.474
0.772
2.094
1.06
0.589
0.432
1.191
0.432
0.419
7.952
1.427
1.401
0.825
1.833
0.563
0.916
0.903
0.733
4.145
0.484
0.929
0.654
1.427
0.484
0.772
3.101
0.327
2.513
0.563
0.497
1.636
0.832
0.728
3.642
0.208
0.52
1.804
0.503
1.526
0.763
0.624
6.002
3.347
0.607
1.682
2.549
5.354
1.179
1.006
0.815
2.549
0.33
0.711
1.37
0.451
3.174
0.538
1.058
2.411
3.157
0.572
2.723
0.711
2.376
3.018
0.347
1.37
1.318
0.832
0.798
0.728
7.37
1.023
1.11
1.821
1.041
1.492
0.225
1.717
1.578
0.659
3.243
4.271
0.607
0.52
0.33
0.364
0.382
0.538
0.503
0.52
0.295
0.503
0.399
0.399
0.434
0.434
0.486
2.237
1.162
1.179
0.85
1.162
1.093
2.272
0.815
1.63
1.006
1.127
1.752
1.127
0.572
1.665
1.438
1.144
1.144
2.119
1.433
1.701
0.624
4.752
2.107
0.375
1.139
2.7
3.385
0.387
0.694
0.979
0.307
0.467
1.035
0.797
2.219
0.74
3.602
4.179
2.712
1.491
0.99
0.307
0.58
1.878
0.603
1.309
0.728
0.558
4.774
0.467
1.661
0.398
0.853
1.149
5.066
0.512
1.878
4.63
1.342
0.216
0.444
2.604
0.58
7.794
1.127
1.047
0.421
0.467
0.421
0.319
0.33
0.592
0.535
0.614
0.398
0.501
0.41
0.398
0.353
0.421
0.467
2.037
1.718
0.671
2.454
0.819
0.581
2.878
0.353
0.74
1.127
0.398
1.309
1.229
0.58
0.967
1.787
1.354
0.501
0.853
1.764
1.252
0.694
0.888
1.502
1.4
0.899
0.535
2.151
1.365
1.65
1.104
2.025
0.387
1.331
0.376
1.616
0.478
0.569
1.104
0.467
0.671
0.945
0.614
2.406
0.512
1.365
0.558
0.899
0.683
1.081
3.282
1.127
1.98
1.127
0.296
1.468
2.215
7.598
0.649
1.215
1.65
0.738
2.13
0.629
2.685
1.903
0.827
2.53401
0.212
0.26
0.302
0.578
1.746
0.836
0.653
2.421
0.332
0.3
0.375
0.268
0.45
0.375
0.493
0.289
0.504
0.279
0.439
0.268
0.407
0.525
1.318
3.264
0.836
1.071
1.2
2.068
3.854
0.439
0.718
1.5
1.618
0.9
3.483
2.271
1.511
3.423
1.639
0.696
1.575
1.639
3.326
7.742
0.589
0.996
1.382
0.911
1.35
1.778
0.814
4.828
3.21
0.707
0.75
2.4
0.493
0.568
3.017
0.632
0.9
0.632
0.825
0.375
0.3
0.214
2.698
2.762
0.761
4.307
0.868
0.718
0.985
1.136
2.582
0.707
1.103
1.543
0.964
2.689
0.953
1.093
0.375
0.578
0.225
0.536
0.225
0.493
0.289
0.568
0.568
1.639
0.911
0.675
1.168
1.018
0.739
0.557
3.949
1.828
1.618
0.675
1.061
0.996
2.239
0.461
1.253
0.493
0.793
0.718
0.536
2.003
2.635
0.461
0.921
1.425
2.893
1.585
0.546
1.446
0.911
3.996
0.761
1.608
0.396
0.814
0.504
1.232
1.136
0.482
1.414
1.028
0.986
0.439
1.275
0.771
1.039
1.977
6.59
0.761
0.761
0.611
2.539
2.554
2.403
13.664
2.845
1.071
7.226
0.375
0.471
0.3
0.343
0.396
0.525
0.396
0.568
0.257
0.514
0.332
0.439
0.429
0.525
0.525
1.821
0.868
0.589
2.803
0.504
2.611
2.452
2.068
1.575
0.771
5.91
1.511
0.761
0.803
3.961
2.907
1.87
3.29
1.275
1.928
24.461
4.12
2.087
2.195
3.22
0.386
0.878
0.857
2.509
0.953
17.625
0.836
3.575
1.2
7.313
0.568
2.325
0.418
5.931
1.328
2.112
1.973
0.825
1.2
2.92
4.617
0.643
2.771
1.8
1.146
3.557
4.8
3.786
0.471
0.975
6.674
0.439
1.553
8.862
0.75
10.099
5.649
5.057
1.891
1.071
1.594
1.344
0.797
0.319
6.246
0.957
0.547
2.437
5.208
2.346
1.481
0.342
9.987
5.054
0.774
0.979
0.979
0.615
0.433
2.46
0.638
0.706
0.456
0.683
0.82
1.162
1.116
0.569
4.797
0.688
0.791
1.714
3.31
0.659
0.981
2.095
1.101
2.035
0.439
2.424
1.164
4.2
0.836
0.383
1.762
0.439
1.532
3.865
0.259
0.542
7.15
2.545
2.168
0.566
1.602
2.144
1.791
6.88
1.909
1.862
6.566
5.707
3.126
1.134
4.662
2.336
2.919
2.336
0.446
1.216
0.784
0.892
0.596
1.145
0.763
0.588
0.572
2.456
0.644
2.027
0.776
0.405
12.377
1.121
1.455
0.579
0.866
4.793
2.504
1.471
1.145
0.501
0.494
0.793
0.472
0.787
2.099
0.692
0.572
0.382
7.706
1.324
1.119
0.44
1.169
1.574
1.694
2.957
1.836
0.501
2.862
1.812
0.382
1.287
0.453
0.501
0.885
0.207
8.008
1.479
0.525
1.765
0.572
0.893
0.497
0.62
4.913
0.715
2.623
0.835
0.859
0.559
1.222
1.312
0.62
1.192
4.149
0.716
0.572
3.315
3.696
0.358
2.933
3.292
1
1.979
0.815
0.93
0.793
1.144
0.553
1.955
0.382
0.846
0.793
0.596
0.954
6.749
2.051
2.313
1.812
0.549
0.612
0.477
1.622
0.859
0.954
0.835
3.696
1.025
0.763
5.318
3.625
1.812
0.382
2.742
1.455
0.358
0.551
2.242
1.479
0.746
2.361
1.335
0.787
0.644
0.89
0.734
0.507
7.798
1.048
0.644
2.552
0.548
4.793
2.218
1.812
0.74
0.765
0.691
4.952
4.364
0.596
0.9
0.528
0.739
2.766
1.121
0.547
0.741
0.453
0.692
0.835
1.145
0.978
0.572
1.407
1.462
0.637
0.882
2.242
0.672
0.668
2.694
1.026
2.098
1.455
2.075
0.798
0.563
0.733
5.222
0.542
1.799
1.319
1.033
3.535
4.941
5.182
2.946
1.58
1.772
0.833
4.227
1.024
4.782
4.654
0.448
3.181
1.388
1.857
1.751
1.089
5.337
1.943
1.943
5.678
2.8
2.58
1.65
3.493
1.562
2.001
1.106
0.544
3.686
0.527
4.858
5.129
1.684
2.897
2.271
2.388
0.627
0.666
4.133
1.354
0.835
0.631
1.388
7.225
0.537
0.631
0.409
0.644
0.05
1.885
0.435
3.187
0.833
0.882
0.637
0.638
0.588
0.686
3.088
10.148
1.324
2.451
0.588
0.834
1.529
3.688
8.994
0.989
1.339
1.257
0.709
0.869
4.061
0.419
0.924
0.601
1.772
0.485
2.589
2.589
1.878
2.105
0.653
0.486
1.685
0.324
0.506
0.597
1.009
1.927
0.688
0.523
0.572
6.472
6.472
4.721
2.22
0.419
0.548
2.436
2.865
0.386
0.798
0.543
4.977
2.109
1.195
1.103
0.802
0.5
2.103
1.266
1.046
0.936
2.697
1.872
1.707
0.936
3.468
1.321
1.486
1.266
5.815
0.722
2.42
5.237
2.309
1.975
6.293
2.054
1.869
0.711
3.054
0.527
1.555
0.578
4.608
2.554
1.553
1.185
3.291
0.737
1.659
0.527
2.01
0.702
0.537
4.616
3.456
0.535
2.274
0.445
3.53
1.716
0.931
2.664
0.874
1.238
0.934
0.934
2.046
0.566
0.501
1.2
0.661
1.174
0.811
0.579
0.444
0.778
0.308
1.144
1.212
1.639
7.844
0.91
1.047
2.025
1.164
0.881
1.777
1.329
5.395
0.939
7.445
5.895
4.011
1.176
0.741
2.192
0.526
2.203
1.761
0.532
2.305
0.508
0.649
0.892
6.714
0.819
3.075
0.873
3.367
4.021
6.041
0.582
3.384
1.711
0.846
0.869
2.843
0.295
0.515
4.008
10.665
4.354
1.34
0.386
2.282
1.678
1.886
0.417
0.714
1.213
0.735
1.308
0.776
4.38
0.692
1.441
1.124
0.711
2.209
0.529
0.7
0.51
0.435
0.624
1.253
0.41
0.662
0.38
10.29
0.897
1.187
0.666
3.098
4.14
2.264
0.806
0.759
2.039
1.34
0.784
1.083
0.982
0.761
2.068
0.913
0.765
2.159
1.727
2.215
1.306
0.657
2.919
0.394
1.709
2.203
0.821
1.984
1.027
0.718
0.981
0.663
0.451
1.776
3.554
1.315
1.634
1.149
1.016
0.709
1.895
0.832
0.509
1.271
0.831
7.05
0.559
0.387
0.874
0.793
1.453
1.128
0.457
2.6
0.466
1.153
0.623
2.291
0.801
0.737
5.155
3.767
0.31
0.31
2.169
0.595
3.457
1.815
2.833
1.184
3.569
0.965
1.015
1.634
0.644
3.119
0.951
2.246
3.474
0.84
0.844
0.531
1.616
0.43
0.445
1.001
0.782
0.418
2.183
1.875
0.51
0.601
1.092
2.529
0.418
0.46
1.199
0.49
4.441
2.431
3.66
2.288
2.541
0.905
0.834
0.584
3.089
2.311
1.885
0.559
2.104
0.547
0.823
0.794
0.766
0.823
0.482
1.026
0.522
4.207
2.049
2.022
0.746
0.841
0.825
0.856
2.474
0.333
0.763
0.556
2.002
0.832
0.97
0.954
5.834
1.2
0.614
3.385
2.446
0.492
2.969
0.369
0.538
3.185
1.18
1.262
0.773
1.18
0.448
9.989
0.725
6.099
1.352
2.143
1.618
3.03
6.626
0.593
3.725
2.736
0.857
0.758
4.483
5.769
0.659
0.989
0.735
0.736
9.167
1.029
2.549
0.931
1.029
0.833
1.578
3.978
1.042
3.074
1.667
1.746
5.002
2.892
3.361
1.224
1.615
0.964
0.261
1.174
0.445
5.98
0.827
0.72
0.636
2.672
2.545
2.799
2.227
2.068
1.735
0.716
0.793
5.385
0.543
0.763
0.835
3.381
0.626
3.381
2.338
0.909
0.793
1.586
0.793
0.417
2.338
0.668
5.969
3.59
0.334
5.291
0.579
1.737
2.615
0.659
2.49
0.545
0.428
5.019
1.265
0.655
2.741
1.55
0.477
6.257
0.817
0.803
2.205
0.894
1.728
0.953
0.775
0.385
1.206
0.616
0.59
2.232
1.513
1.899
11.773
0.693
0.744
0.69
4.461
0.735
1.324
2.5
0.98
1.128
0.49
0.503
1.184
0.516
1.916
0.654
1.098
1.204
8.922
0.821
0.424
2.12
0.712
1.423
0.493
1.363
0.913
2.838
9.187
2.017
2.838
0.672
1.419
0.643
0.917
5.81
0.815
1.733
0.611
0.488
3.088
0.813
0.883
0.833
6.716
1.324
0.931
0.403
2.068
0.543
0.828
0.549
6.2
0.56
2.731
0.455
0.951
0.388
3.013
1.205
1.447
0.607
9.78
2.699
6.538
2.328
0.592
0.785
6.011
2.525
1.527
2.352
4.243
1.237
3.35
2.749
1.532
1.148
0.626
2.192
0.928
0.535
5.427
2.533
0.676
1.414
0.409
0.592
0.539
2.908
0.469
0.821
2.134
0.352
0.649
0.913
3.705
0.913
1.987
1.665
1.665
0.591
1.665
1.975
0.776
1.577
0.508
0.471
0.797
0.498
3.048
1.653
1.036
0.856
0.697
3.172
1.593
4.223
3.824
1.175
1.713
0.657
0.879
0.635
1.096
1.773
0.697
0.657
1.195
0.867
0.549
5.297
1.709
0.929
2.448
2.337
0.587
0.786
0.365
1.771
1.826
0.409
3.063
0.487
1.859
0.675
0.444
0.543
0.387
0.462
1.034
0.673
2.374
1.24
1.098
1.027
0.622
1.595
0.644
8.809
2.083
1.837
5.001
5.614
3.776
0.919
0.839
0.475
0.994
0.838
1.039
0.424
1.029
0.794
1.293
1.852
1.294
2.646
0.97
1.938
2.996
3.164
0.943
1.553
1.385
5.331
1.685
0.545
1.122
6.653
0.828
0.921
4.82
0.415
0.722
1.084
1.073
0.921
0.956
1.244
2.43
0.737
0.826
1.364
1.269
0.495
3.181
0.495
0.966
0.457
8.166
10.985
0.617
0.823
0.501
2.378
0.876
1.041
0.65
7.58
0.926
1.128
5.439
6.619
0.556
4.995
2.307
3.589
4.341
0.642
2.028
4.045
1.752
0.943
4.091
0.476
0.813
0.865
1.245
16.478
0.369
0.894
1.147
3.276
0.598
1.828
0.949
1.276
0.702
0.879
2.134
12.84
0.548
1.918
2.293
0.702
6.295
0.635
0.751
0.796
3.512
0.304
2.833
0.515
0.796
0.946
0.679
2.139
2.245
0.401
1.222
1.182
3.619
0.469
1.97
1.704
4.124
3.583
0.372
6.53
0.372
1.021
0.516
2.676
5.097
0.254
6.679
1.172
0.742
20.37
0.859
11.701
0.218
0.731
0.6
7.975
0.726
2.5
0.784
1.968
1.737
0.975
0.987
4.096
3.256
0.666
13.431
1.245
1.766
2.518
0.434
4.487
0.839
0.945
0.724
4.399
0.666
1.476
3.503
0.232
0.719
0.521
1.248
1.289
0.428
0.791
0.525
2.94
1.09
0.477
1.676
2.121
1.219
0.4
0.8
0.953
0.538
1.918
3.533
3.823
0.524
2.884
1.849
0.235
0.69
0.428
2.843
0.276
0.29
0.621
0.621
1.449
5.258
1.919
3.134
1.007
4.306
0.966
1.85
1.381
0.778
0.616
2.467
3.93
0.451
1.751
0.333
0.784
1.354
1.847
2.45
0.905
0.261
1.074
0.417
2.203
0.275
4.745
0.331
1.173
1.444
0.798
5.676
0.719
0.776
2.609
1.114
0.832
3.004
2.129
0.747
2.397
1.227
1.41
1.197
0.851
1.446
7.895
2.297
0.816
1.209
4.444
3.688
7.437
2.63
0.756
1.784
4.565
0.816
1.935
0.937
1.814
2.297
0.773
0.557
0.405
6.139
1.447
1.893
2.999
0.593
2.165
1.235
1.219
3.994
1.925
1.62
1.668
2.357
1.395
0.802
0.706
5.229
0.626
0.305
0.672
0.946
8.601
1.428
1.678
0.485
1.539
0.984
2.606
0.694
0.61
10.637
0.458
6.781
3.148
1.307
2.188
0.603
0.979
1.953
10.288
2.327
1.186
6.734
2.594
1.652
1.314
0.339
3.083
0.442
1.663
1.128
0.268
1.594
4.92
0.489
0.791
1.338
6.025
1.07
0.733
0.965
0.838
0.884
0.349
0.5
1.298
2.699
1.09
4.006
0.83
1.067
1.09
0.774
0.53
2.825
0.177
1.877
5.524
0.894
1.676
0.317
3.53
1.127
0.776
3.104
0.668
0.64
2.756
2.617
0.529
2.088
2.324
0.71
0.571
0.668
1.733
0.542
0.624
2.486
1.69
1.577
1.47
0.877
2.785
0.324
1.461
0.429
0.9
0.613
0.657
0.657
6.26
0.657
5.534
0.657
0.657
2.696
1.008
0.868
0.352
5.589
4.94
0.393
2.102
1.835
1.111
1.014
0.691
1.901
2.819
4.435
0.602
2.709
0.35
1.829
1.147
0.353
0.855
0.553
3.684
0.268
1.805
1.025
1.025
0.781
0.942
1.488
1.781
0.927
0.537
0.805
0.756
0.317
0.659
1.268
0.878
3.464
1.202
0.512
0.83
0.732
1.098
1.638
1.666
0.704
3.225
2.549
1.229
1.04
0.743
2.787
3.345
1.465
0.839
0.593
1.031
1.339
1.031
0.571
1.439
0.622
0.543
3.384
1.205
0.863
0.455
1.283
3.538
1.455
0.644
0.651
1.915
2.351
2.054
0.767
4.653
3.218
1.064
0.718
1.163
0.718
0.347
1.015
0.767
1.015
2.104
0.817
0.396
0.43
0.709
0.842
2.475
1.312
0.47
0.941
0.611
5.123
0.569
0.421
2.079
1.16
0.616
0.87
5.037
0.906
2.029
0.652
2.827
6.899
1.655
1.958
0.456
4.485
2.375
0.455
1.064
0.566
4.789
0.442
0.404
0.935
5.56
2.035
0.657
0.665
2.186
0.423
0.728
3.385
1.582
8.733
0.443
5.789
1.582
0.664
0.569
3.859
0.411
1.993
2.562
1.107
2.189
5.072
2.034
0.335
0.85
0.824
0.566
0.747
8.884
2.987
1.734
0.27
3.227
2.044
1.015
0.458
8.051
4.582
2.585
2.324
11.422
0.708
0.851
2.094
0.516
1.258
1.768
6.627
2.383
1.67
2.3
7.167
0.367
3.82
0.476
5.731
0.805
1.366
4.801
0.739
2.047
2.342
1.118
0.317
4.326
1.119
0.613
0.558
5.893
0.426
4.61
2.314
0.801
0.802
1.958
1.095
0.432
1.519
0.841
0.828
0.858
2.153
0.57
2.081
1.311
1.573
0.54
1.11
3.13
0.444
0.935
5.165
2.594
1.028
0.701
0.414
5.438
2.793
0.899
0.595
1.177
1.381
3.034
1.235
1.075
0.792
0.815
0.634
9.871
3.736
0.837
0.43
2.717
1.607
0.747
0.34
5.162
0.589
1.2
1.134
2.219
1.381
3.102
3.192
0.702
0.667
0.574
1.223
0.612
0.628
1.995
0.489
0.611
1.649
0.773
11.478
0.594
0.643
0.48
1.566
0.441
0.646
0.245
1.413
0.891
1.065
0.717
1.239
1.326
0.87
0.717
0.696
1.217
5.216
0.826
0.63
2.326
1
3.608
0.935
4.434
0.456
1.543
3.865
0.442
6.488
0.899
2.349
6.15
5.6
0.827
1.217
0.528
2.435
1.056
0.282
0.972
1.01
0.722
1.465
0.535
1.845
0.211
0.859
0.836
2.959
0.509
1.701
1.232
1.165
0.469
0.69
0.549
3.817
0.603
1.741
0.629
0.495
6.602
0.673
0.904
5.13
0.649
2.819
0.695
0.38
1.081
0.431
0.474
0.733
2.005
0.858
0.496
2.221
0.755
0.603
0.367
3.083
0.367
1.186
1.035
0.668
0.432
0.319
2.355
0.388
1.445
1.1
0.949
1.14
0.8
2.717
0.97
2.091
0.927
1.401
0.453
0.604
1.013
0.505
0.496
1.186
0.367
1.229
0.733
3.235
4.29
0.703
0.647
2.566
0.668
4.183
4.635
0.324
0.798
0.179
0.511
2.436
0.69
0.539
0.711
0.655
1.531
0.582
1.38
0.619
0.927
2.35
1.94
1.121
9.098
1.445
2.954
2.652
0.798
0.927
0.798
0.69
2.523
0.431
1.414
0.819
0.868
0.483
1.029
0.611
0.868
2.51
0.806
5.016
0.979
0.769
0.732
0.476
2.696
0.774
0.4
2.242
0.587
0.781
1.278
0.828
0.923
1.893
0.78
1.491
0.639
1.159
0.497
0.848
1.148
6.229
0.721
0.55
0.452
0.415
0.342
0.354
0.525
0.415
0.489
0.305
0.599
0.281
0.44
0.354
0.452
0.427
1.722
1.768
0.909
0.259
1.209
2.157
0.696
1.258
0.696
1.82
0.741
1.048
0.846
4.921
3.792
2.113
0.463
0.839
0.724
1.621
0.666
1.373
1.422
2.402
0.667
0.639
2.322
1.009
0.841
1.413
0.808
1.38
0.808
0.258
1.252
0.695
2.285
3.08
0.815
0.934
1.013
0.457
6.298
0.931
0.862
1.893
0.446
0.799
0.877
1.088
0.98
2.556
10.222
1.805
0.68
0.375
3.822
0.446
0.399
0.747
0.612
2.342
2.131
0.57
0.872
0.589
2.602
0.665
0.646
0.551
0.665
0.792
1.45
1.47
0.439
0.742
0.724
3.347
0.585
1.418
1.013
2.138
2.814
1.058
0.9
0.63
3.804
3.264
2.701
0.99
11.668
2.093
3.272
0.9
2.342
1.402
0.581
5.778
6.961
0.877
0.588
1.708
0.811
0.505
12.403
0.931
0.735
2.794
4.846
0.644
1.203
0.67
2.868
1.086
0.665
0.688
2.055
0.579
1.947
0.767
2.338
0.677
0.781
1.716
1.291
1.004
0.588
1.754
0.552
1.471
0.833
0.972
0.735
2.258
0.485
1.413
4.558
1.329
0.739
1.508
0.598
0.797
1.654
0.61
2.017
0.492
0.985
0.868
0.405
2.291
0.399
4.721
1.824
0.429
1.677
1.544
1.399
0.378
1.319
1.013
0.828
0.712
0.436
0.87
0.728
0.809
3.812
0.596
1.512
2.087
0.341
1.874
0.703
0.358
0.871
0.678
1.651
0.565
0.669
0.675
4.136
0.528
1.245
0.654
0.781
3.782
2.23
2.045
2.63
2.045
1.111
0.378
0.89
0.543
0.61
0.536
2.216
0.5
1.894
2.216
0.816
1.629
0.532
1.918
4.349
0.779
0.931
2.629
0.611
1.758
1.659
0.995
0.703
0.79
1.646
1.08
1.062
3.452
1.009
0.956
0.921
0.301
1.398
2.04975
1.77425
0.729
0.572
3.015
4.273
0.455
6.1
2.373
1.02
0.517
4.334
0.5
1.207
1.832
1.103
1.395
0.999
1.395
1.541
0.637
1.814
0.368
0.753
0.637
5.084
0.5
0.405
0.405
0.214
0.357
0.572
0.407
0.525
0.324
0.505
0.319
0.476
0.329
0.5
0.515
1.917
0.747
1.324
7.608
0.602
1.438
0.648
1.087
0.501
1.651
0.293
0.719
4.124
1.268
1.987
0.609
0.845
1.411
1.096
7.139
0.8
0.613
2.218
0.888
1.026
0.805
0.749
0.527
1.581
0.499
6.092
1.277
1.13
0.737
1.818
3.832
0.835
2.899
1.058
0.709
3.024
1.035
0.517
3.285
1.177
0.539
2.157
1.177
1.667
0.735
2.402
0.717
0.636
0.804
0.539
5.442
0.588
1.029
3.088
1.324
0.794
0.784
2.304
1.324
0.833
0.487
1.126
1.512
0.631
0.772
2.155
1.898
0.675
1.673
0.868
2.927
1.448
5.42
2.2
0.59
0.751
0.716
1.863
0.59
1.214
1.071
0.91
0.569
1.332
0.389
1.071
1.77
1.3
0.585
1.118
0.336
0.749
0.817
2.766
0.887
1.148
0.964
0.278
2.246
9.762
0.903
1.023
0.796
0.675
1.618
0.686
0.55
2.113
0.55
1.216
0.724
0.637
1.65
1.882
1.187
2.953
0.405
0.376
0.405
0.579
2.143
3.694
0.399
0.69
0.754
3.842
0.517
2.143
0.399
0.818
0.446
3.611
1.524
0.399
1.594
0.61
0.422
1.168
0.541
2.105
3.158
0.716
1.558
5.095
0.589
0.629
0.632
2.779
2.148
1.347
1.545
0.599
3.147
0.654
0.968
0.964
0.808
0.417
7.907
2.616
2.725
0.395
0.766
0.665
2.344
6.268
1.717
1.036
1.062
1.881
0.463
0.754
0.728
1.516
0.559
1.357
1.237
0.838
1.047
0.601
4.985
0.941
0.533
2.021
3.031
4.461
1.667
0.937
0.75
3.449
0.707
6.854
1.257
0.887
2.277
1.946
1.466
0.733
0.744
0.492
3.044
0.851
2.149
0.851
2.015
6.27
4.753
0.523
0.418
0.366
0.348
1.55
1.166
0.4
0.505
0.331
0.557
0.4
0.453
0.313
0.488
0.435
4.729
0.901
0.745
3.374
4.484
0.76
3.447
1.96
3.289
0.548
0.563
3.651
0.931
1.728
1.843
1.062
1.156
1.238
1.54
1.172
0.402
0.904
3.749
3.883
3.165
1.164
1.032
0.725
0.593
3.033
2.412
1.022
6.393
1.055
0.599
3.428
0.593
7.612
1.027
0.859
7.236
2.007
0.928
1.212
2.641
1.762
0.435
3.142
1.257
1.523
1.023
0.641
0.556
1.287
1.111
0.644
0.958
0.527
0.635
1.1
4.88
0.918
0.418
0.834
0.462
0.648
11.068
2.148
0.525
0.418
0.964
0.628
0.568
0.476
1.738
0.207
0.644
0.824
0.551
0.877
0.418
4.255
0.791
0.553
0.198
2.673
0.613
3.626
4.406
2.17
1.838
1.905
4.94472
2.999
1.469
1.017
0.536
1.229
0.379
0.531
0.763
2.63
0.858
0.813
0.767
1.546
0.956
3.611
1.537
1.597
1.464
1.529
1.886
1.247
1.802
1.474
1.06
1.066
2.001
2.713
1.836
1.426
0.963
1.622
0.836
1.693
1.288
1.277
0.864
1.563
0.547
2.346
1.273
0.282
0.684
0.976
0.447
2.679
1.123
0.469
0.762
0.593967
1.75803
1.196
1.25
2.728
0.305
0.847
0.487
1.652
0.365
1.084
0.822
4.435
0.461
1.858
0.903
1.172
1.536
1.445
0.987
0.658
2.484
0.883
12.613
1.268
0.652
1.102
0.607
0.716
2.321
1.072
0.684
0.462
2.206
1.758
0.828
0.733
4.04
0.543
0.803
0.662
1.819
0.59
3.002
0.717
2.343
0.589
0.684
1.656
1.053
0.4
3.532
0.286
0.433
1.801
0.42
1.574
0.75
0.581
5.46
4.315
0.879
1.465
2.637
2.157
1.86
0.726
0.433
0.671
2.605
0.469
0.599
0.413
0.862
3.403
0.52
0.989
2.473
0.742
3.672
2.682
0.675
2.321
2.987
0.438
1.389
1.25607
0.634
0.779
0.816
7.155
1.112
1.149
1.854
1.001
1.372
0.445
1.891
2.261
0.594
3.374
4.305
0.592
0.469
0.408
0.286
0.469
0.51
0.449
0.51
0.307
0.506
0.356
0.443
0.403
0.474
0.396
2.316
1.794
0.954
0.697
0.82
1.373
4.437
1.089
1.167
1.949
2.541
1.673
0.519
0.93
1.552
1.226
0.352
1.596
1.009
1.009
0.681
0.422
1.385
0.962
1.385
0.949
0.688
1.127
0.915
0.707
0.673
1.394
0.529
0.625
2.164
0.914
0.783
0.825
4.334
1.705
1.056
0.891
1.221
1.463
0.715
0.583
2.214
1.921
3.217
0.793
1.128
0.961
1.044
0.794
0.858
0.599
0.421
1.165
0.583
2.773
2.801
0.77
1.24
0.599
1.582
1.154
0.974
0.732
0.985
2.95
0.989
3.838
0.632
0.736
1.868
0.763
0.483
3.831
2.981
1.146
1.131
0.397
0.593
1.024
1.857
0.781
0.556
1.254
0.367
0.574
1.014
1.37
0.639
1.314
1.49
0.218
0.226
1.258
1.577
0.882
0.507
2.722
2.084
0.845
0.682
1.045
2.159
0.5
1.236
1.633
0.376
0.81
0.545
3.248
0.845
0.671
1.397
1.592
0.842
0.666
2.374
0.817
2.06
0.585
2.011
1.309
2.017
0.528
1.806
1.519
0.809
0.548
3.236
1.592
0.317
3.505
4.481
1.114
1.047
0.491
0.437
0.385
0.265
0.424
0.597
0.491
0.68
0.367
0.512
0.358
0.406
0.319
0.425
0.474
2.059
1.643
0.776
2.738
0.811
0.442
2.769
0.478
0.645
1.145
0.379
1.281
1.438
0.611
0.906
1.616
1.3
0.631
0.63
1.635
1.359
0.571
1.005
1.596
1.964
0.873
0.453
2.187
1.419
1.635
1.221
2.108
0.355
1.3
0.414
1.675
0.709
0.582
1.143
0.414
0.729
0.867
0.65
2.364
0.65
1.242
0.729
0.965
0.591
1.182
4.039
0.807
1.301
1.044
1.793
2.955
0.571
1.095
0.737
0.224
0.721
0.693
0.411
3.783
0.433
0.536
0.84
0.97
1.242
1.026
0.54
1.548
0.72
1.044
2.016
0.36
2.53
0.404
1.962
0.378
0.936
0.522
0.81
1.53
1.944
0.81
1.314
1.404
0.621
0.706
0.843
2.628
1.565
1.253
1.846
0.593
1.527
0.57
0.82
0.387
0.73
0.521
1.071
0.82
1.618
0.729
1.618
1.846
4.421
2.716
0.31
0.35
0.337
0.242
0.377
0.525
0.31
0.498
0.256
0.498
0.282
0.39
0.256
0.417
0.498
1.44
0.877
1.046
0.927
0.479
0.986
0.31
1.075
1.841
0.618
1.371
0.754
1.357
1.335
1.072
0.416
0.591
0.46
0.372
0.547
0.963
1.226
1.291
0.591
2.298
1.029
2.953
1.03
1.168
1.717
0.755
1.442
0.893
1.511
0.893
1.168
1.58
3.64
3.869
0.215
0.431
1.565
0.618
2.404
0.97
0.323
0.933
3.503
0.973
0.593
0.365
0.261
0.359
0.526
0.309
0.526
0.267
0.534
0.259
0.443
0.292
0.501
0.61
1.695
0.949
0.575
0.984
1.184
0.763
0.421
3.951
2.004
2.004
0.716
0.998
1.087
2.334
0.39
1.36
0.592
0.822
0.596
2.241
2.467
0.285
0.602
1.702
6.381
2.978
1.493
0.567
1.589
0.891
0.375
0.516
0.947
0.749
1.372
0.382
0.846
0.51
1.273
1.075
0.438
1.372
0.778
1.075
0.495
1.343
0.582
0.583
0.876
0.942
2.647
0.92
1.234
1.279
1.256
0.404
1.57
0.695
1.727
0.426
1.862
3.118
7.227
0.458
0.458
0.278
0.245
0.523
0.523
0.376
0.54
0.317
0.542
0.232
0.443
0.5
0.458
0.5
1.95
0.806
0.624
2.611
0.67
2.195
1.595
1.895
1.479
0.855
6.103
1.492
0.567
0.453
5.889
1.363
1.39
1.99
1.3
0.564
1.249
0.585
8.377
1.521
2.795
1.529
2.911
0.512
1.152
0.672
0.751
0.544
1.773
1.07
0.792
1.622
2.372
3.715
0.546
0.773
0.835
0.464
1.768
1.491
1.579
0.796
4.75
4.849
2.845
0.761
4.288
1.002
5.57
1.643
3.656
0.169
1.384
1.203
1.548
0.495
1.282
8.455
2.765
1.322
0.601
2.404
1.884
4.808
0.561
0.852
3.834
0.776
0.326
0.838
0.733
0.4
1.695
1.412
0.965
1.459
3.451
0.732
3.013
2.351
0.366
0.93
0.592
3.289
4.534
0.688
2.472
0.39
3.921
1.282
1.728
0.855
0.65
4.888
0.632
2.509
1.505
0.966
2.546
2.174
0.484
1.816
2.462
0.54
0.583
0.889
0.506
10.043
0.562
6.336
0.65
1.287
1.337
0.5
1.793
1.065
0.83
0.559
4.897
2.252
3.811
4.829
0.892
4.829
22.311
0.91
0.82
0.729
1.829
0.964
1.597
1.141
0.755
0.313
0.313
0.578
1.185
1.192
1.534
1.184
1.809
0.912
0.733
1.114
2.218
4.798
5.35
0.329
0.507
2.7
0.982
0.669
2.923
0.657
5.364
0.826
2.221
0.867
1.463
3.155
1.955
0.911
0.792
2.112
4.46
1.471
4.793
5.819
2.456
3.51
8.564
2.747
1.3
1.622
1.718
1.811
2.555
1.407
1.579
3.687
1.931
1.078
1.767
1.048
2.294
2.505
5.009
2.392
5.919
3.829
4.13
2.157
1.113
2.019
2.386
0.994
1.273
1.809
0.421
0.614
0.683
0.485
0.509
1.182
1.391
0.564
0.342
0.694
1.706
0.479
34.509
2.377
2.018
3.27
1.183
1.461
4.87
1.739
5.357
2.018
1.044
3.896
2.853
1.07
3.211
2.929
2.253
7.266
1.257
3.774
1.803
2.929
4.619
0.563
2.141
1.182
3.887
1.352
1.07
4.111
2.478
8.167
2.929
0.62
1.286
2.335
3.049
2.288
1
0.762
0.81
1.573
3.288
4.383
1.62
1.525
0.572
3.859
5.765
1.191
6.146
1.477
4.336
1.715
1.525
0.476
1.286
2.907
3.24
2.001
4.86
0.81
2.144
5.527
1.001
0.609
4.184
0.599
1.385
4.085
1.245
2.043
1.096
5.131
1.046
1.694
0.747
4.035
0.797
0.448
2.84
2.541
7.074
1.245
0.847
0.656
1.901
24.057
3.621
1.048
5.575
0.572
2.335
5.098
13.436
2.001
1.62
3.383
0.81
1.328
1.055
8.338
1.62
0.476
6.528
0.762
1.097
6.682
2.811
5.718
2.049
1.191
1.477
4.288
11.352
0.953
3.288
0.667
0.832
5.3
0.745
2.392
3.688
1.495
5.233
10.116
0.349
6.08
1.014
1.677
5.183
15.645
8.422
2.386
31.006
3.189
18.697
1.744
1.794
3.887
5.432
0.81
1.792
1.047
1.744
1.047
2.641
1.445
0.897
1.096
7.724
1.047
2.342
1.595
1.794
1.595
3.638
0.723
5.257
5.083
2.143
6.827
3.04
2.392
2.193
2.442
3.189
1.32
0.825
9.668
0.847
58.802
2.442
0.915
1.849
2.695
0.919
0.748
3.522
0.954
2.313
0.715
2.075
1.216
1.502
1.312
1.645
1.741
0.715
3.959
0.501
0.93
4.126
0.763
7.774
2.17
4.006
1.502
2.48
3.1
3.553
3.315
2.504
1.002
2.003
3.765
0.978
1.598
1.24
2.211
0.644
2.361
0.572
3.529
2.409
0.596
2.886
0.653
0.367
2.075
1.86
0.501
0.453
2.409
1.454
1.932
3.935
2.719
5.771
2.742
0.787
6.677
0.501
0.572
1.502
2.313
0.453
1.264
0.468
1.75
0.525
0.412
3.308
0.501
0.873
0.548
2.266
3.1
2.218
2.528
0.429
3.434
0.644
2.122
1.932
1.693
0.551
0.8
2.061
1.227
4.863
1.69
3.149
0.625
0.579
2.933
1.377
0.533
2.246
0.88
1.135
1.088
2.385
3.096
0.616
0.949
1.829
9.17
0.486
0.533
3.172
2.061
6.414
1.829
2.56
3.057
1.505
3.265
1.32
2.269
2.223
0.824
1.146
2.038
0.949
0.649
0.648
1.644
2.802
0.603
2.58
0.81
3.497
0.741
5.071
0.486
2.557
4.237
0.431
0.143
2.076
0.602
2.941
0.648
2.339
0.423
0.199
1.129
2.798
0.347
1.436
1.088
0.44
0.787
2.732
1.181
0.324
0.278
1.551
1.135
1.181
1.366
0.857
7.039
1.343
1.042
0.44
0.683
0.806
1.659
1.59
0.991
1.129
3.409
1.636
3.778
2.304
1.336
4.538
1.405
1.013
0.553
5.529
1.797
1.82
0.852
5.874
0.576
1.037
5.16
1.267
0.668
1.106
0.392
4.746
7.395
0.346
1.129
0.852
0.738
1.59
1.198
0.898
1.82
0.668
2.327
1.866
2.695
1.866
7.51
1.105
4.999
0.484
0.76
5.644
1.359
1.13
1.001
4.239
1.29
0.461
1.291
0.46
0.53
0.323
3.272
6.588
0.625
4.72
2.657
2.47
0.625
1.719
4.095
1.907
2.22
4.595
0.782
2.282
2.657
1.094
1.563
3.282
4.377
4.033
2.626
1.532
3.908
0.688
3.189
6.565
0.594
2.22
2.095
0.969
0.594
4.189
17.203
0.469
1.063
1.313
2.47
11.587
1.282
4.72
4.72
1.282
1.477
0.689
1.548
4.877
1.032
1.375
6.471
0.969
4.783
1
0.969
1.626
1.234
0.543
0.531
9.847
0.844
0.844
1.188
0.469
1.032
7.815
0.782
3.157
4.034
0.843565
1.00644
0.624
0.651
1.903
0.593
1.999
1.393
3.419
0.593
0.599
0.739
11.254
1.046
3.075
3.574
5.696
4.448
1.514
0.733
0.767
2.885
0.609
19.961
1.436
0.734
2.154
1.545
1.748
0.359
0.864
0.365
0.645
2.765
0.881
0.993
1.209
0.909
0.525
1.935
0.522
1.072
0.815
4.168
0.891
0.492
1.065
0.973
1.04
0.802
4.131
2.254
0.969
0.847
1.065
3.888
3.626
1.582
1.285
3.776
3.719
4.164
1.522
2.906
1.135
1.087
3.362
0.668
2.342
1.445
1.715
3.002
1.715
1.763
1.286
4.145
4.574
1.106
0.645
2.348
1.858
4.526
1.191
16.581
0.824
2.607
0.714
0.569
1.906
0.823
0.662
1.954
1.476
0.762
2.859
5.813
1.763
2.239
0.762
5.766
0.905
2.906
2.287
6.242
1.273
0.905
10.482
0.667
4.669
6.956
3.383
1.144
1.572
0.715
11.006
1.191
0.524
2.573
0.429
1.286
3.288
0.796
3.873
3.002
3.39
0.669
0.753
26.369
0.844
0.846
1.245
2.19
2.39
6.771
1.294
0.529
1.587
0.582
0.635
0.66
1.503
0.838
0.753
1.921
0.64
1.793
2.305
2.483
0.53
0.573
0.934
2.474
1.552
0.607
4.154
24.551
3.407
1.82
2.66
0.71
0.737
0.5
2.618
2.315
1.791
0.496
2.012
0.496
0.576
0.868
0.529
0.772
0.887
0.491
3.914
1.874
1.902
0.606
0.764
0.754
0.755
2.408
0.876
1.834
0.76
0.978
0.818
5.007
1.097
0.419
3.152
2.251
0.379
2.733
0.299
0.539
2.893
1.251
0.837
2.214
2.394
1.496
4.529
2.414
2.534
1.217
0.739
0.477
1.447
3.491
0.978
3.012
1.496
1.556
4.349
2.673
3.172
1.057
1.456
0.838
0.359
0.7
0.359
5.645
0.539
0.63
0.629
2.534
3.252
2.155
2.234
4.169
2.653
1.416
1.477
1.426
0.748
0.618
5.007
0.559
0.754
0.74
3.132
0.539
2.953
2.095
0.796
0.653
1.696
0.618
0.399
2.194
0.658
9.296
0.319
4.906
0.299
1.696
2.394
2.135
0.319
0.579
0.767
0.858
1.337
0.598
1.975
0.978
2.135
3.511
3.671
2.653
3.491
0.925
0.717
0.915
0.698
1.596
0.675
2.009
2.194
1.017
0.864
0.844
1.372
0.844
1.767
2.031
1.899
1.583
2.427
1.134
2.031
1.345
0.897
4.274
4.036
0.806
0.434
0.972
0.448
2.268
2.611
1.463
0.761
7.631
1.558
1.504
1.126
3.288
5.371
0.744
1.194
1.61
0.935
0.796
4.111
0.502
0.433
2.475
2.025
1.09
7.094
2.89
1.175
0.85
0.675
10.225
1.402
8.981
5.225
1.056
5.606
1.748
9.144
3.911
0.779
6.6
0.589
6.426
0.813
1.027
0.477
0.687
0.771
2.341
0.768
0.861
0.761
4.689
0.832
5.038
5.161
5.107
2.248
0.956
2.938
2.79
1.411
2.972
1.146
0.681
0.681
1.411
1.976
1.511
7.323
0.948
0.884
10.509
2.408
1.627
0.814
1.295
0.884
0.614
2.806
1.245
1.196
1.478
1.611
6.492
2.474
2.275
0.893
1.544
2.673
3.783
2.109
1.006
0.714
3.105
1.71
4.449
1.179
4.201
1.03
0.548
1.893
0.996
0.847
3.039
3.138
4.782
1.677
0.548
16.406
1.561
0.927
1.012
1.764
1.993
1.295
19.599
3.201
0.921
0.522
0.332
2.341
5.147
0.399
4.342
0.647
2.607
0.531
1.777
4.865
10.81
2.474
0.78
0.432
1.561
4.772
1.277
0.93
1.67
10.046
1.511
1.577
0.315
1.512
5.114
7.063
2.823
3.022
0.6
0.382
4.118
0.781
0.664
1.926
1.411
2.275
0.747
2.2
3.155
0.913
1.079
0.78
0.548
1.131
3.582
0.934
0.548
0.996
1.544
0.915
2.667
1.478
2.441
3.47
0.614
1.314
0.698
3.55
1.411
1.378
2.648
4.713
0.789
0.608
0.526
3.766
0.345
0.77
0.662
3.503
2.319
0.312
0.671
0.464
1.217
0.822
1.842
1.793
0.658
7.12
2.385
0.954
1.48
0.872
1.694
1.694
0.833
7.854
9.992
0.46
0.671
0.411
2.121
0.921
0.909
0.97
0.725
0.625
2.994
0.707
0.74
3.65074
1.57826
0.445
5.452
4.835
2.089
2.417
1.497
1.569
0.85
2.207
1.338
3.618
0.38
1.61
2.659
2.026
1.14
1.465
1.23
1.538
0.832
1.501
1.755
3.057
1.447
1.936
0.669
3.075
4.124
1.845
4.916
8.418
2.08
1.357
2.151
0.477
1.245
2.732
1.14
2.516
2.145
1.457
1.324
1.218
2.569
1.986
3.973
13.382
3.381
0.764
0.782
3.417
1.218
13.213
0.397
1.669
2.675
0.636
3.893
1.018
2.008
1.274
1.664
0.943
13.343
8.289
1.886
2.333
2.531
8.785
1.886
1.142
4.219
1.313
1.236
10.374
1.539
6.403
1.093
0.546
3.064
15.82
3.017
6.009
0.797
1.612
3.207
0.897
2.193
12.01
0.498
1.744
2.292
1.595
5.631
6.329
0.797
5.332
1.047
0.748
2.691
2.94
1.296
4.716
0.966
0.997
2.591
3.439
7.176
3.588
0.748
9.419
1.047
0.897
7.425
1.146
1.595
2.841
2.492
4.934
3.738
10.764
2.243
3.289
1.196
2.093
2.99
0.748
1.545
0.548
1.794
7.226
3.937
16.985
4.037
7.226
3.887
6.678
2.542
4.236
1.944
0.756
5.171
1.794
0.897
1.545
0.598
0.598
0.997
1.445
3.538
1.146
0.548
12.658
5.382
5.631
1.595
0.498
1.645
7.326
4.535
1.844
1.196
1.346
1.894
2.492
3.439
2.193
5.482
3.837
1.096
1.744
3.289
0.86
0.804
0.598
12.558
1.047
1.445
0.698
2.043
2.492
6.329
7.924
1.993
7.425
1.495
1.176
0.675
1.941
1.745
1.445
4.336
1.246
1.595
2.043
0.997
2.143
5.332
3.09
0.908
1.363
4.186
2.841
0.648
7.924
1.096
0.947
4.136
1.246
2.641
4.086
1.744
4.684
1.844
3.04
1.395
4.734
1.645
0.748
3.04
3.14
0.733
1.047
1.445
2.492
1.744
0.797
4.186
2.492
0.648
0.797
7.226
1.55
0.643
1.747
1.744
5.133
2.741
1.694
3.529
2.143
4.884
1.395
3.239
2.891
9.518
4.136
6.13
1.495
2.293
3.887
3.538
1.694
4.635
9.219
2.94
10.565
2.741
2.841
9.518
0.847
4.037
1.545
1.445
3.14
0.748
0.448
0.449
1.744
1.296
0.996
1.45
1.794
1.223
1.091
2.719
2.243
0.199
6.777
1.147
5.83
4.734
1.794
2.143
1.645
10.664
4.635
4.385
1.346
1.744
0.748
0.847
1.346
0.498
1.146
0.748
5.581
1.545
1.445
0.847
3.339
3.688
3.538
3.638
1.495
4.435
1.296
2.392
6.201
1.794
5.482
10.117
2.193
1.645
0.748
1.395
0.848
3.983
0.863
1.264
1.425
1.876
7.007
5.772
1.449
1.924
1.116
3.95
1.021
0.876
0.557
2.915
5.101
1.838
1.048
0.757
0.429
1.5
2.786
0.852
1.548
7.929
8.572
7.629
1.329
5.015
7.243
5.435
3.043
4.758
0.971
1.589
3.183
0.886
0.561
0.6
5.872
1.072
13.425
2.186
0.386
2.529
3.429
1.414
3.3
0.6
0.861
0.386
0.343
2.872
1.543
1.243
1.029
2.872
2.014
0.858
1.06
0.922
0.814
5.572
1.329
2.314
6.772
1.243
1.114
3.986
1.114
4.543
0.9
0.857
1.543
0.579
2.921
0.815
0.771
1.843
1.586
1.286
2.615
0.9
0.771
1.157
0.643
0.943
1.457
1.501
0.991
0.467
0.557
0.857
0.343
1.029
0.728
1.929
1.2
0.857
3.215
1.329
0.514
0.729
1.133
0.749
1.471
0.589
2.743
2.529
1.414
5.1
2.057
1.2
3.291
0.896
3.849
0.879
0.814
2.314
3.343
1.304
0.754
0.557
1.114
1.414
1.757
1.329
0.417
2.736
2.623
1.063
0.814
0.805
3.557
1.357
0.573
0.629
1.942
2.111
0.803
2.957
0.6
1.8
2.229
1.243
0.3
1.029
1.929
2.529
3.043
0.729
1.972
0.729
0.514
1.414
0.857
1.072
0.944
3.172
1.586
2.014
0.771
0.514
0.9
0.385
0.526
1.114
1.047
2.486
1.843
1.414
0.429
5.229
1.972
1.243
0.772
4.758
0.557
0.386
2.014
1.072
0.744
0.481
0.959
0.6
1.157
0.943
4.372
0.643
3.643
0.343
3.043
1.114
5.143
1.886
0.793
7.617
0.558
0.771
1.929
0.6
26.958
0.814
3.339
3.482
2.933
0.655
0.666
0.558
3.386
0.31
0.944
0.532
1.844
1.545
1.993
0.598
1.844
5.532
9.867
1.744
1.246
2.89
3.239
1.146
1.346
2.342
1.047
2.442
3.588
1.894
1.645
1.593
0.947
2.442
1.246
2.093
0.555
2.427
6.114
5.264
2.975
2.648
1.308
3.027
2.321
2.648
0.49
6.899
1.014
2.584
1.079
0.752
1.243
1.013
2.093
1.341
1.079
2.714
0.659
0.579
1.798
0.425
1.242
0.49
2.91
2.093
1.111
1.635
0.821
0.781
2.648
1.616
2.346
0.869
1.234
0.765
0.782
0.747
0.487
0.765
0.973
0.66
1.268
1.164
0.855
0.677
4.909
0.72
0.613
2.12
0.904
3.319
0.539
4.517
0.365
1.512
3.614
0.47
6.22
0.678
2.276
5.265
0.799
0.608
2.311
1.946
1.035
0.686
0.434
1.373
0.434
0.278
0.688
0.587
2.954
0.539
1.408
1.459
1.043
1.581
3.684
0.591
1.615
0.643
0.417
6.254
0.769
0.504
2.45
1.772
3.944
1.616
0.857
0.382
1.807
0.712
6.044
0.712
0.706
0.598
2.415
0.452
0.875
0.504
8.593
1.112
1.929
0.869
2.172
1.929
0.73
1.286
0.782
1.414
2.496
1.268
0.723
0.608
2.294
1.859
1.407
2.676
0.965
2.732
0.591
0.956
0.782
0.765
0.502
0.801
0.782
2.172
0.556
0.799
0.643
7.957
2.711
4.134
3.632
1.581
0.434
1.338
0.99
0.799
0.608
0.904
0.643
0.539
0.787
0.678
2.05
1.794
0.812
1.268
3.006
1.685
0.626
0.539
0.469
0.365
0.382
0.243
0.504
0.417
0.434
0.296
0.521
0.295
0.365
0.33
0.487
0.382
1.546
4.845
6.778
0.956
1.043
1.442
0.4
1.409
0.799
0.695
2.624
1.998
1.546
1.546
2.763
1.268
2.05
0.66
1.06
1.373
0.643
1.667
0.678
0.654
0.574
1.303
4.897
6.134
0.4
0.634
0.643
1.651
0.434
1.025
1.442
2.177
0.786
0.573
3.076
5.432
1.232
0.724
2.134
2.928
3.276
0.844
1.191
1.39
1.241
6.105
1.836
2.78
1.439
3.623
1.638
0.943
0.896
1.306
2.184
9.281
3.623
7.495
0.943
1.241
1.241
0.745
6.452
2.333
1.042
13.098
3.524
3.623
0.745
1.39
4.368
1.489
5.559
0.794
3.375
1.042
2.928
0.893
2.432
0.943
2.73
1.142
3.028
2.085
0.596
1.737
4.914
0.943
3.375
3.028
1.142
0.695
2.631
4.914
0.943
2.531
0.993
0.645
1.39
1.34
6.353
2.829
9.133
1.39
0.596
1.688
0.775
0.728
0.748
0.312
2.04
0.857
1.62
1.854
0.81
4.602
2.258
3.442
1.449
4.412
0.81
1.449
2.399
2.819
2.991
1.246
4.522
9.056
0.714
0.505
2.445
0.483
0.623
0.592
0.545
0.528
1.025
0.637
0.472
0.595
0.531
5.919
0.759
0.374
1.735
0.671
0.355
10.999
0.786
0.696
2.634
4.526
0.456
1.289
0.768
0.62
1.899
1.114
1.292
4.637
1.089
3.455
1.365
1.449
0.543
1.295
2.549
2.493
1.351
2.187
0.478
4.895
0.686
2.262
3.022
1.131
0.649
15.065
1.081
1.144
2.3
0.76
3.078
2.262
0.842
1.206
0.519
1.233
2.318
10.337
0.946
1.164
6.205
0.612
5.064
2.614
1.968
1.687
11.551
3.448
0.76
4.246
4.45
0.519
2.318
0.797
3.578
2.725
2.021
2.614
0.628
0.705
1.891
0.593
3.152
1.279
0.686
2.54
3.059
2.725
1.243
1.446
1.032
0.686
0.694
3.782
1.78
0.501
4.172
2.688
0.612
2.039
3.912
1.205
1.001
1.353
1.91
0.593
4.691
0.901
0.53
1.706
0.538
0.971
0.969
0.352
1.261
0.556
0.736
0.788
2.095
0.445
1.168
2.985
5.564
0.712
2.71
1.224
1.057
1.261
0.834
0.76
3.652
1.483
1.576
4.739
1.242
0.612
3.115
1.78
0.649
1.706
0.538
1.038
0.779
0.804
1.306
0.341
1.964
0.566
0.598
2.431
0.708
1.244
1.161
1.829
2.126
2.201
2.832
1.384
0.975
1.829
4.708
0.381
0.752
0.306
0.63
0.761
1.478
4.132
4.281
2.256
1.811
1.866
1.588
5.135
1.458
3.445
6.55
0.994
0.566
3.649
1.588
5.956
2.015
0.409
2.014
0.611
2.423
1.476
1.458
0.94
0.706
3.166
1.086
1.012
0.622
0.381
5.584
2.535
1.216
3.686
5.24
1.681
0.669
0.732
0.864
2.643
0.737
4.497
1.672
1.505
1.252
20.196
1.666
0.544
0.715
1.606
1.346
16.281
3.723
2.943
4.998
0.752
0.678
0.57
0.784
0.776
1.458
3.177
0.806
0.529
1.662
2.294
2.126
4.206
4.782
1.699
0.938
10.063
1.402
2.461
4.596
4.633
6.793
1.049
3.853
1.012
7.113
1.644
2.721
3.668
2.683
1.161
2.702
4.801
1.922
0.845
3.166
1.792
0.418
1.309
0.381
0.362
1.959
1.124
0.566
1.792
1.086
1.086
2.461
1.198
2.089
1.606
5.649
1.625
0.381
0.808
0.492
1.142
0.552
0.558
1.97
0.529
1.922
0.907
0.306
2.182
0.306
1.607
1.588
0.566
1.681
2.219
3.575
0.938
0.771
2.869
0.604
1.588
1.644
0.938
3.909
1.309
0.683
0.734
1.614
0.984
1.198
3.482
1.365
0.715
1.606
2.089
0.98
0.656
7.978
4.801
1.941
1.551
4.875
0.609
0.567
7.346
0.465
3.629
5.772
2.572
1.374
0.716
3.324
0.399
4.049
0.306
1.124
1.718
1.049
1.384
0.956
2.059
0.681
4.318
3.463
0.752
0.826
4.058
3.129
2.126
0.492
2.238
0.734
1.124
1.049
1.755
1.755
2.962
1.987
1.096
0.344
0.588
0.687
4.691
0.454
0.391
0.297
0.25
0.36
0.485
0.391
0.5
0.297
0.454
0.266
0.454
0.297
0.469
0.532
0.672
2.737
0.734
1.142
4.033
0.469
2.362
0.845
0.891
1.783
1.892
0.391
1.493
14.537
2.286
2.042
0.884
0.792
6.796
3.444
1.006
3.434
5.603
2.66
0.413
6.326
0.93
0.955
1.73
0.852
1.291
1.085
0.697
0.535
1.451
0.594
0.849
1.705
0.646
3.124
0.646
2.35
0.542
1.524
1.369
2.686
5.733
1.007
0.873
0.702
1.678
3.589
4.157
0.767
0.8
2.66
1.11
0.336
2.478
0.762
0.383
0.902
1.035
1.204
1.102
0.684
2.704
0.782
0.613
2.134
0.233
2.049
0.782
1.331
0.57
0.736
7.49
0.613
3.19
1.923
0.822
0.522
0.617
0.402
4.965
0.782
0.866
2.671
0.595
2.333
0.761
1.014
1.014
0.606
0.628
2.223
1.134
0.438
0.643
0.568
2.01
0.528
0.696
0.696
1.044
0.775
0.921
1.246
4.177
0.82
0.831
0.82
0.707
2.571
0.685
1.999
10.493
1.179
0.739
3.536
0.501
0.962
1.404
0.786
3.748
0.438
0.611
0.63
1.997
1.594
0.707
1.381
0.708
2.122
0.794
3.411
7.059
0.595
1.359
2.189
1.909
3.506
0.393
0.932
4.146
1.347
1.089
0.73
0.752
0.898
0.977
0.73
1.92
1.134
0.932
2.313
6.044
2.19
0.82
0.644
1.696
0.775
0.55
0.528
1.022
0.887
1.527
3.171
0.719
3.103
0.629
2.156
0.786
1.044
0.865
2.167
1.269
0.741
3.462
8.851
7.436
4.365
4.544
3.541
3.724
8.43
2.581
1.841
0.679
0.432
0.419
1.922
0.333
1.593
1.025
0.568
1.05
0.778
0.672
0.692
0.902
0.296
0.554
0.904
0.358
1.569
3.396
0.626
0.84
0.457
1
1.136
0.852
0.499
0.912
0.704
1.742
0.803
1.149
0.926
0.321
2.187
8.726
0.947
0.445
3.371
0.655
3.94
2.087
1.902
0.914
0.432
2.507
4.518
0.828
1.89
4.011
2.137
1.939
1.939
0.928
0.77
0.709
0.446
1.535
0.79
1.099
7.361
0.778
0.615
0.531
1.816
0.605
1.322
0.519
0.642
1.47
1.667
1.136
2.606
0.519
0.309
0.457
0.457
1.989
3.533
0.296
0.669
0.852
3.853
0.581
2.149
0.259
3.653
0.655
6.076
1.791
3.064
0.902
1.136
0.667
4.366
0.371
0.775
2.722
0.716
6.055
0.457
0.828
3.332
2.594
0.679
1.89
0.977
0.678
3.321
0.494
3.248
1.47
0.432
1.482
0.506
0.396
26.126
4.421
3.22
0.778
0.865
1.84
0.655
3.076
0.272
0.716
2.532
1.42
0.333
0.806
6.566
0.488
0.661
2.563
0.359
1.198
1.186
1.482
0.64
2.831
0.445
0.865
1
0.707
0.551
7.21
2.458
2.236
0.395
0.679
0.655
2.161
4.706
1.495
1.583
0.95
1.092
0.778
0.828
1.382
4.558
0.926
0.641
1.828
2.516
4.06
1.757
0.857
0.797
1.377
2.635
1.804
1.282
0.736
1.448
0.522
1.045
0.451
0.404
0.356
0.404
1.346
1.08
0.336
0.491
0.323
0.505
0.365
0.435
0.322
0.378
0.351
4.55
0.709
1.292
0.814
0.771
2.874
1.906
3.993
4.143
0.715
3.21
8.569
1.892
1.556
2.734
0.839
1.023
0.995
3.136
1.22
0.55
0.658
3.21
0.813
1.724
1.991
1.023
1.486
14.763
0.294
0.953
1.472
1.164
0.421
0.785
2.145
0.687
3.463
3.657
3.07
1.135
1.332
0.743
0.631
0.734
3.667
1.023
2.698
0.617
0.421
0.631
5.675
0.702
0.569
3.098
0.407
0.699
7.012
0.867
0.64
6.474
0.743
0.869
1.164
1.402
0.757
1.511
0.313
2.99
1.012
1.311
0.812
0.615
0.462
1.286
1.112
0.487
0.951
0.478
0.562
0.962
4.643
0.89
0.667
1.177
1.118
1.352
1.05
1.245
1.4
1.093
1.29
1.183
0.965
0.342
0.903
0.631
1.055
1.467
1.119
2.972
2.702
1.66
0.656
3.512
2.663
4.246
1.042
0.811
1.083
0.945
0.901
0.869
1.305
0.816
0.555
0.781
11.304
2.513
0.711
0.57
0.914
0.946
0.645
0.685
1.632
0.424
0.613
0.75
1.012
1.12
0.881
2.056
1.338
1.469
1.077
1.371
1.403
1.273
1.338
1.142
4.928
1.175
0.816
0.848
0.946
2.676
4.504
1.338
0.816
1.012
4.21
1.142
1.207
1.338
2.252
0.685
1.991
1.664
1.632
1.534
1.077
0.881
2.839
1.664
3.002
1.11
1.025
1.224
5.124
0.979
0.823
0.522
2.578
0.588
4.624
4.928
3.092
1.525
7.347
1.929
2.507
1.479
1.415
1.157
2.508
1.865
1.865
2.575
0.833
17.439
3.922
1.286
1.415
2.122
1.391
1.447
1.093
1.222
1.532
0.438
0.325
0.422
0.551
0.532
0.377
0.502
0.469
0.499
2.849
2.949
2.063
1.719
1.195
0.288
0.277
1.456
2.636
2.25
2.266
4.96
3.408
2.122
1.865
1.222
1.865
0.707
2.636
0.707
0.839
0.971
1.82
5.252
1.716
2.028
0.884
3.744
1.924
2.288
2.132
1.612
2.704
0.936
0.568
0.555
1.508
1.196
3.491
2.184
1.872
1.872
1.56
0.939
1.56
5.512
1.664
1.137
1.507
2.881
1.216
0.687
0.555
1.244
0.851
1.375
2.353
2.564
1.93
1.665
1.137
1.012
3.78
2.168
0.978
1.612
2.987
1.586
1.19
0.846
1.348
0.978
1.242
1.322
1.031
3.727
0.909
0.454
0.477
0.814
2.417
0.496
0.62
1.155
0.344
0.72
0.659
2.52
1.582
1.607
6.19
2.529
1.076
0.419
0.979
0.761
4.75
2.9
0.805
0.984
0.459
2.139
4.208
1.122
0.834
4.351
0.616
2.502
0.772
0.798
1.015
1.233
0.979
2.792
1.886
1.305
8.666
35.492
1.886
0.87
1.378
0.653
2.284
0.823
2.212
0.833
0.991
1.015
0.979
0.725
1.424
1.222
0.619
1.362
5.185
1.925
0.704
0.521
2.591
2.293
0.829
1.715
1.098
0.636
0.85
0.695
4.22
0.373
2.402
0.933
0.628
1.329
0.536
2.589
0.559
0.606
1.143
0.956
2.519
1.259
3.288
0.961
0.491
3.614
0.42
0.536
1.725
0.583
0.769
0.84
4.547
5.423
2.145
0.723
1.656
2.588
0.816
1.702
0.933
2.565
2.308
1.562
0.979
9.709
1.352
0.723
2.775
1.037
0.665
1.469
0.21
4.22
2.075
3.241
0.549
1.046
1.493
2.915
3.055
0.536
2.611
0.665
2.332
3.101
0.466
1.422
1.096
9.676
1.212
0.886
0.816
7.534
0.746
1.189
1.749
0.979
2.612
8.003
2.681
1.516
3.428
1.003
1.749
1.539
3.707
0.769
1.702
0.56
0.443
1.259
1.352
1.376
2.448
2.402
4.57
0.653
0.466
0.326
0.373
0.396
0.607
0.396
0.513
0.303
0.536
0.35
0.466
0.397
0.466
0.396
2.308
0.853
2.464
1.857
1.018
0.669
0.863
1.422
1.422
2.332
1.282
1.236
3.381
2.588
4.407
1.632
0.56
0.933
0.816
0.863
0.723
1.379
0.468
0.951
0.28
1.049
1.178
1.748
1.629
1.145
1.016
0.422
0.996
1.001
0.565
0.773
1.178
0.921
1.468
0.871
1.516
0.661
1.452
2.307
0.678
1.087
0.72
0.936
0.274
0.759
0.936
1.274
1.065
1.049
1.662
0.984
0.532
1.646
2.178
1.69
1.306
1.113
1.847
1.845
0.774
0.604
1.578
0.383
0.526
2.043
2.542
0.847
0.922
0.806
4.905
0.794
1.03
1.051
1.309
1.437
0.837
0.558
0.67
4.824
2.152
0.488
1.971
1.917
3.165
0.995
1.067
0.922
1.049
0.814
0.904
0.561
0.615
1.031
0.524
3.562
0.524
0.705
2.984
1.808
1.031
0.687
0.85
1.193
0.778
0.759
1.248
1.429
1.103
0.958
0.814
0.958
2.912
1.103
3.707
0.814
2.188
0.67
0.911
1.791
0.783
0.524
3.808
0.815
2.583
1.554
1.116
0.614
0.364
0.664
0.878
1.197
0.792
0.57
1.235
0.374
1.542
0.645
1.332
0.776
0.593
4.739
0.535
1.063
1.284
0.719
1.248
1.426
0.229
0.316
1.296
1.47
1.023
0.512
1.753
0.566
2.754
2.101
0.86
0.653
0.882
2.278
0.675
1.208
1.633
0.49
0.824
0.572
3.267
0.588
0.185
0.163
0.679
1.407
1.455
2.442
0.579
1.759
1.096
0.648
3.14
2.518
0.883
2.191
0.574
2.127
1.24
2.155
0.403
1.597
0.727
1.935
1.532
0.792
0.338
3.208
1.623
0.234
7.875
1.247
0.979
0.437
0.471
0.369
0.307
0.376
0.574
0.553
0.622
0.458
0.478
0.369
0.43
0.294
0.437
0.471
2.076
0.806
1.98
1.046
1.783
0.82
0.799
2.864
2.699
0.686
0.628
2.771
0.465
1.1
0.765
1.209
0.376
3.349
1.29
1.414
0.573
0.987
1.56
0.467
1.186
0.584
0.326
2.702
0.927
1.736
1.711
0.81
1.686
0.877
1.11
1.077
0.735
0.977
1.144
1.578
0.417
1.95
0.948
0.485
1.995
0.368
1.056
0.352
1.456
1.056
1.105
2.058
0.368
1.317
0.369
1.285
1.677
2.488
0.589
1.121
0.45
0.723
0.619
0.802
0.687
3.242
0.859
2.536
0.663
1.285
0.523
0.589
1.342
0.908
0.532
1.399
1.563
1.825
3.579
0.832
0.622
0.703
1.367
1.268
0.434
0.892
1.44
1.645
2.455
0.491
1.011
0.862
0.237
0.655
0.614
0.597
3.767
0.459
0.613
0.802
0.892
2.07
1.268
1.039
0.499
5.387
1.481
0.589
1.112
1.604
0.966
2.008
0.36
2.484
0.47
1.988
0.36
0.876
0.548
0.786
1.497
1.89
0.646
1.276
1.423
0.714
2.219
0.728
0.604
0.816
0.585
2.661
1.936
2.472
0.344
1.407
1.197
1.886
1.988
0.611
1.503
0.605
0.802
0.408
0.707
0.524
1.127
0.745
0.611
1.741
1.013
1.692
0.745
1.56
1.938
4.182
2.554
2.692
0.293
0.382
0.236
0.306
0.395
0.427
0.414
0.458
0.274
0.541
0.236
0.407
0.267
0.497
0.439
1.28
0.885
1.184
2.372
0.516
0.369
0.605
0.694
1.286
0.764
1.057
0.847
1.159
0.513
0.987
0.286
2.773
0.452
0.758
1.082
1.852
0.503
1.592
1.458
0.63
1.693
1.14
1.386
1.152
0.363
0.713
0.356
0.427
0.427
2.241
1.477
3.477
0.936
1.165
1.222
0.261
0.312
0.898
2.426
1.777
0.949
0.624
3.393
2.755
3.279
0.541
0.949
1.412
0.929
2.315
2.062
0.885
4.863
3.133
0.668
0.707
0.879
0.717
2.558
0.522
0.63
2.197
1.127
0.477
1.184
0.592
0.77
0.898
0.656
0.834
0.388
0.344
1.273
0.809
1.42
0.726
1.063
1.63
0.548
1.146
1.146
0.713
0.974
1.133
2.729
0.855
1.181
1.05
1.598
2.927
2.662
7.215
0.592
1.076
1.222
2.239
0.936
3.583
0.255
0.618
1.42
0.312
1.159
1.865
0.988
0.331
0.611
2.346
0.35
0.471
0.427
0.274
0.363
0.548
0.287
0.516
0.23
0.63
0.229
0.477
0.286
0.528
0.605
1.644
2.481
2.598
0.923
0.707
1.14
1.025
0.521
1.574
2.045
0.796
0.56
0.662
0.783
3.861
1.982
1.564
0.586
1.089
1.515
0.77
0.859
0.223
0.942
2.775
1.063
0.859
0.732
0.656
2.288
0.414
1.318
0.554
0.79
3.414
0.567
0.719
0.605
2.154
2.505
0.197
0.605
1.627
6.46
2.851
1.548
0.609
1.518
0.878
0.771
0.886
0.347
0.47
0.57
1.132
0.778
1.348
0.393
0.416
0.844
0.562
1.286
1.071
0.455
1.533
0.932
1.009
0.455
1.379
3.507
0.516
0.655
0.524
1.08
0.769
2.625
0.824
1.317
1.618
0.639
1.325
1.225
0.917
0.47
1.81
1.502
0.478
1.749
0.47
1.764
3.04
7.286
0.455
0.37
0.316
0.362
0.401
0.508
0.416
0.485
0.401
0.416
0.377
0.434
0.446
0.471
0.553
1.881
0.769
1.613
0.823
2.507
1.008
0.839
0.627
2.702
0.627
2.179
1.477
1.809
1.357
0.736
6.06
1.599
0.673
0.48
5.88
1.458
1.393
1.965
1.421
2.553
1.246
0.611
1.237
0.452
1.154
1.5
1.99
2.194
1.825
27.052
4.326
1.962
2.104
2.871
0.281
0.829
0.786
2.447
1.096
5.426
11.063
0.858
3.464
0.793
7.321
0.504
7.751
2.481
1.349
1.363
0.815
5.045
2.053
0.707
1.161
0.397
0.642
0.519
1.781
1.017
0.766
1.291
4.318
2.689
4.265
0.988
2.874
1.94
0.628
4.271
0.85
1.349
3.671
2.533
0.945
1.378
0.469
0.281
1.111
1.248
0.664
0.193
0.432
1.445
0.885
4.568
4.671
2.424
0.757
4.519
0.624
1.381
1.561
3.934
0.577
1.419
3.329
0.151
1.63
1.016
1.227
0.87
1.419
8.46
1.448
2.555
0.501
2.441
1.817
4.97
0.464
0.229
0.706
3.905
0.492
0.747
1.552
8.866
0.35
3.623
5.14
3.983
3.81
9.311
4.884
0.752
2.454
1.595
6.867
0.772
1.192
2.947
0.448
4.039
0.56
5.123
9.215
4.932
2.213
1.572
2.392
2.779
1.055
2.389
2.801
7.308
2.615
1.428
7.985
0.528
0.956
0.911
0.544
0.423
5.181
4.312
2.226
1.458
1.575
0.893
12.398
8.487
1.368
1.57
0.942
1.582
1.665
0.256
4.358
0.891
9.27
0.979
1.217
0.761
0.342
9.046
1.104
0.501
2.688
1.295
3.075
3.531
1.002
1.913
0.34
1.614
0.992
6.875
9.01
2.287
0.388
0.919
0.678
4.985
4.488
0.548
0.922
0.478
0.979
4.533
0.645
0.745
0.524
2.597
0.638
1.002
1.048
1.025
0.609
2.551
1.503
1.64
1.116
1.734
0.635
0.911
2.301
9.227
0.841
0.774
2.642
1.071
2.027
2.301
2.824
1.241
0.616
1.617
1.23
2.756
4.533
0.569
3.554
1.025
3.804
1.298
4.647
22.529
1.868
0.934
1.891
10.007
1.663
7.215
4.715
1.162
1.891
8.066
7
0.957
1.23
2.46
1.207
3.986
1.344
1.002
1.025
1.481
0.592
1.412
0.684
3.394
5.786
0.683
1.025
1.708
2.665
0.547
3.166
2.096
2.506
8.602
4.259
1.412
1.663
2.984
3.622
1.002
0.661
1.617
6.314
1.891
0.478
2.847
2.346
3.166
0.478
1.23
2.187
4.259
1.321
1.549
1.799
0.615
0.752
1.982
0.569
1.572
2.164
1.731
0.57
1.276
6.64
0.797
1.526
2.027
3.212
3.622
1.276
3.394
5.467
3.553
2.346
0.729
1.845
2.164
0.934
0.934
0.433
1.298
1.116
0.979
1.731
1.913
0.638
0.524
2.232
1.162
2.118
2.756
9.007
2.847
1.116
4.692
3.758
0.752
0.706
1.617
2.551
2.027
5.444
0.864
0.661
5.307
0.433
4.237
1.389
2.323
0.866
0.866
2.733
1.367
3.667
0.41
7.312
0.888
6.925
2.346
1.321
1.799
1.549
2.164
5.262
1.747
4.077
0.888
0.752
1.389
5.239
3.394
2.87
2.323
1.071
9.086
0.433
2.711
0.716
0.569
2.847
0.82
2.346
2.05
1.207
0.825
5.672
0.626
1.025
3.462
2.916
0.888
1.116
1.093
2.255
1.458
4.624
15.056
2.711
1.162
0.661
1.868
1.276
1.663
1.868
3.713
1.344
2.164
2.392
3.029
1.435
1.048
0.592
2.847
2.209
1.572
3.303
1.344
1.321
4.669
3.573
1.365
0.529
1.184
1.003
1.503
