1.070
2.730
6.750
3.340
3.090
1.430
1.080
3.320
2.280
0.470
1.640
1.840
0.120
2.330
5.910
0.030
0.820
1.460
1.110
1.540
0.640
1.280
0.590
1.070
2.220
0.520
0.340
1.110
0.480
0.340
0.150
1.750
2.180
0.400
2.180
0.300
3.990
3.770
0.190
1.630
0.280
1.940
0.400
0.100
6.370
0.640
0.280
0.840
7.120
9.660
1.570
4.640
8.800
2.050
17.840
0.540
0.280
5.590
10.190
9.200
22.060
11.490
3.300
0.560
12.920
7.380
2.040
4.930
3.890
9.600
3.070
4.580
3.240
1.220
0.040
13.110
0.450
2.400
6.980
5.510
3.370
0.510
0.670
4.180
1.930
5.080
1.410
2.320
1.160
12.370
0.520
0.080
2.150
1.000
0.290
0.860
0.670
2.800
0.510
1.330
2.090
4.210
1.030
1.840
1.120
1.750
0.480
1.000
1.230
0.290
2.050
0.460
2.100
0.840
1.540
0.700
6.500
4.200
0.720
4.880
0.240
0.690
0.050
0.090
0.780
1.610
0.330
1.470
1.190
0.430
2.640
0.770
4.430
0.170
1.710
0.970
4.320
1.520
1.610
0.640
0.690
0.040
1.400
0.220
2.280
0.710
2.060
2.510
3.190
0.470
6.150
0.860
1.180
1.910
6.350
0.190
0.100
3.400
3.990
3.060
1.820
0.950
1.500
1.410
2.830
0.860
6.180
2.320
1.110
1.300
1.840
0.200
0.150
1.720
0.640
0.920
1.310
2.730
0.240
0.400
0.890
0.290
2.000
3.520
0.250
1.860
1.660
0.640
3.790
13.990
0.220
4.260
2.870
4.690
0.670
0.210
0.410
2.360
19.240
7.240
1.210
0.510
12.630
2.460
4.590
0.080
0.230
0.230
0.130
2.210
0.430
0.760
0.720
1.300
11.760
1.420
15.490
8.120
1.130
2.530
3.960
1.520
0.050
3.520
1.490
1.590
3.330
1.970
0.750
6.270
2.250
1.170
1.840
1.250
0.900
0.330
4.540
1.490
2.470
0.090
0.820
1.250
2.920
0.100
0.840
1.500
2.680
0.860
0.460
0.080
0.460
0.040
3.720
5.990
7.630
8.680
1.460
1.910
3.110
1.860
1.810
4.720
1.080
0.340
6.020
7.500
0.590
0.100
1.890
1.900
3.570
0.470
8.300
2.410
4.770
3.050
10.150
2.070
0.190
3.710
1.010
1.800
4.770
0.380
6.200
0.510
0.070
0.990
2.400
0.040
0.620
0.070
2.260
12.630
0.050
1.320
1.500
1.650
0.600
6.320
3.060
0.000
0.110
2.500
2.710
4.230
3.990
0.510
2.570
1.500
1.190
3.300
1.210
0.660
1.400
0.930
1.060
2.350
5.130
2.660
3.170
0.320
0.340
2.000
1.140
0.510
0.900
1.690
0.710
1.070
2.210
0.390
0.760
3.950
0.900
0.090
0.350
8.880
2.150
1.850
5.140
2.370
1.000
1.350
0.280
2.640
0.000
0.220
1.630
0.590
1.100
0.060
0.380
1.540
0.470
0.440
0.720
0.060
1.250
0.890
0.680
2.630
2.200
2.880
0.090
9.130
0.370
0.450
2.450
2.470
0.240
0.920
0.690
0.560
0.250
3.250
1.460
0.160
1.930
1.040
0.030
0.050
0.010
0.510
0.030
6.170
6.120
0.820
1.280
0.700
1.110
3.900
2.630
0.960
0.470
0.200
0.120
0.930
0.260
0.840
8.180
2.230
3.390
0.750
0.690
0.700
0.570
2.110
2.730
2.130
4.620
2.750
0.540
0.580
0.770
0.280
0.280
1.670
1.690
1.690
2.540
1.720
1.140
0.090
1.680
0.200
1.000
3.150
0.900
4.530
1.190
0.400
0.830
0.660
0.710
1.290
1.230
0.530
1.170
0.760
1.010
0.740
1.450
0.410
4.480
8.800
8.380
6.810
0.380
8.450
5.010
3.550
2.480
4.060
0.270
17.160
3.380
0.430
8.400
0.000
1.620
1.800
1.800
0.220
0.300
3.330
1.900
4.040
8.990
4.440
2.350
1.770
3.960
0.290
0.890
1.420
5.220
0.490
1.230
0.650
1.410
1.630
0.840
1.450
0.460
0.510
0.150
2.030
1.960
2.660
4.610
0.910
0.680
8.020
4.970
0.110
15.440
14.500
1.590
1.230
19.780
8.350
1.040
10.700
0.220
7.040
2.280
0.450
2.880
1.960
1.900
1.660
10.970
5.070
8.490
2.890
1.340
1.800
3.550
0.080
2.000
0.540
1.430
2.010
2.540
1.450
1.440
0.640
8.120
1.180
0.910
0.580
9.510
6.760
6.250
2.750
1.290
7.430
1.270
4.080
2.540
9.470
5.830
0.780
5.400
2.860
19.680
1.940
1.670
11.330
3.060
13.720
0.500
1.110
3.750
0.270
1.670
0.150
0.440
6.410
1.910
0.030
1.280
1.700
1.800
4.400
0.340
1.430
2.850
7.420
0.050
1.630
0.180
3.150
6.040
0.160
0.150
9.000
0.970
10.840
5.010
21.660
0.790
6.740
1.160
22.220
1.860
10.330
1.390
5.900
0.290
0.990
4.460
3.210
0.080
0.280
0.250
1.130
1.750
1.270
0.470
3.480
0.970
3.590
1.470
0.710
1.740
0.500
0.350
6.270
4.570
0.760
2.410
4.380
0.350
1.660
0.960
1.660
3.640
0.480
4.120
1.370
1.040
0.750
0.460
1.270
0.190
1.510
2.090
3.800
0.370
8.420
0.400
6.710
1.110
3.730
5.870
1.490
9.200
2.360
0.650
2.790
1.520
3.980
0.050
3.750
0.900
1.540
9.160
7.420
0.520
4.160
0.060
0.070
0.110
0.360
0.660
1.070
0.080
2.130
4.880
0.370
0.780
0.150
0.600
0.060
3.070
0.380
3.530
0.160
0.540
2.390
6.120
0.070
7.580
1.910
2.020
5.740
8.950
0.030
1.130
14.470
0.320
2.330
2.290
1.840
0.650
0.800
3.620
2.870
3.740
1.050
1.680
2.380
3.830
2.470
0.080
6.310
0.210
0.490
0.420
0.440
2.960
0.260
4.770
3.950
1.210
0.540
0.530
1.480
2.890
4.300
1.280
0.140
4.770
2.660
2.730
0.690
0.120
0.430
0.380
0.970
1.640
1.650
1.970
3.260
0.450
1.270
3.560
1.820
1.870
5.410
7.900
4.500
12.010
4.190
16.450
10.140
0.000
5.130
0.920
2.690
1.200
1.240
0.200
3.970
2.480
0.590
7.080
0.200
9.170
6.250
3.360
1.040
0.810
10.500
4.390
2.000
0.030
8.860
5.550
4.980
0.650
2.110
2.610
2.180
1.910
0.500
4.930
3.680
2.130
1.240
3.150
0.290
1.870
2.120
2.410
1.140
1.840
4.100
7.530
1.970
2.060
0.190
0.220
0.130
0.150
0.790
3.190
1.070
0.430
0.700
2.010
6.440
15.800
0.720
0.930
3.450
1.920
1.450
0.080
3.470
4.960
7.880
4.220
5.440
1.920
3.640
2.700
0.900
3.840
3.480
6.900
4.310
9.570
2.790
1.870
1.240
2.590
4.550
0.410
6.820
1.910
0.380
0.430
3.090
0.750
0.280
0.470
8.520
17.580
0.080
6.830
6.380
0.110
3.860
0.460
12.140
9.270
0.730
1.040
0.530
4.210
4.340
1.080
3.720
0.690
0.620
5.510
1.270
0.130
1.010
4.690
0.520
1.870
6.160
2.410
1.190
3.050
1.820
0.620
0.380
0.510
0.780
5.140
0.370
0.670
0.840
2.030
1.700
0.730
0.930
3.770
2.080
0.200
0.370
0.380
1.420
0.120
2.840
2.910
1.390
1.730
0.900
6.110
0.060
2.540
0.760
3.450
5.420
0.100
5.320
1.470
1.270
0.430
2.600
7.880
4.690
1.370
1.880
3.050
1.010
5.280
7.530
0.290
0.380
0.040
1.130
0.030
0.440
4.380
5.120
0.530
10.400
4.300
1.850
0.050
2.000
0.440
0.720
2.820
1.040
5.230
3.210
0.520
1.150
0.240
0.420
0.260
0.430
0.900
0.160
0.110
0.520
0.350
0.320
1.050
0.990
3.940
4.170
4.620
0.560
3.170
2.130
2.780
1.030
1.590
2.650
1.350
1.460
1.440
5.240
0.530
2.110
0.640
0.430
0.310
0.420
0.630
0.550
0.850
2.230
0.030
1.250
1.440
1.180
0.390
0.520
0.850
1.090
0.380
0.980
2.880
0.600
0.240
0.020
8.250
0.260
3.820
2.810
7.360
1.310
1.260
6.180
1.000
6.490
1.850
0.710
0.370
4.370
12.770
2.910
0.260
3.540
6.040
0.220
0.020
0.210
2.240
0.000
2.100
1.170
0.740
0.850
1.330
0.240
0.030
0.980
4.360
0.580
2.130
0.360
0.010
0.490
1.480
8.290
1.520
6.550
6.570
0.420
1.460
0.150
1.450
3.650
1.410
0.210
2.620
2.010
0.510
0.890
0.900
3.020
1.010
0.860
0.780
0.250
1.040
0.370
0.260
1.310
0.720
0.620
6.500
7.050
3.190
9.720
0.130
7.340
7.000
2.840
2.160
2.120
0.290
3.370
0.870
5.150
15.940
2.970
0.730
0.610
4.880
9.660
0.940
3.800
0.650
0.340
4.080
0.250
3.760
3.760
2.450
6.400
5.010
0.520
0.350
2.700
8.720
5.080
19.860
0.430
1.610
0.020
2.680
2.020
7.940
0.000
1.690
0.760
0.210
1.120
4.710
4.490
4.440
0.500
1.580
0.040
3.460
2.480
2.700
6.170
5.760
1.130
0.870
4.650
4.720
1.060
0.050
10.860
4.190
7.260
0.190
2.420
2.300
0.280
3.910
1.590
0.070
0.980
2.230
1.110
0.050
0.570
6.370
3.300
5.910
0.040
0.990
3.430
0.010
2.070
7.410
0.260
0.000
3.200
0.030
0.900
9.870
4.040
5.090
3.450
2.190
0.410
7.120
0.230
8.940
2.090
4.050
0.300
0.410
3.380
0.130
0.240
2.220
1.850
1.640
2.660
0.110
3.660
2.360
0.650
1.960
2.840
0.360
1.040
1.110
3.500
0.920
0.020
4.990
2.660
0.090
3.280
17.850
3.100
3.370
1.470
0.780
2.720
1.470
1.120
3.880
2.450
0.850
0.360
0.930
4.230
12.650
1.450
1.310
3.550
3.280
0.220
4.760
3.780
10.490
2.160
2.080
1.190
2.600
1.460
0.480
14.240
1.790
2.130
8.240
3.860
9.430
2.120
0.050
2.720
2.500
2.410
0.290
2.320
5.340
2.610
0.400
1.500
0.000
2.070
0.880
0.000
0.300
1.110
1.180
1.620
0.440
0.850
6.100
0.930
8.440
0.370
0.340
2.630
1.970
4.530
0.010
2.010
0.690
1.470
3.090
1.300
0.610
0.100
1.290
1.310
3.820
0.370
0.220
3.650
0.950
1.640
10.020
1.130
2.360
3.540
0.640
0.350
0.380
2.770
1.330
0.480
0.720
0.560
5.830
3.330
0.630
1.230
3.210
1.520
5.150
0.270
2.540
1.430
6.930
0.620
2.850
0.250
6.750
0.930
1.700
0.900
2.980
0.360
0.050
0.690
0.020
0.260
0.700
0.850
0.780
0.650
0.150
0.270
0.360
1.080
4.550
1.920
7.730
14.830
0.760
1.150
8.690
1.400
17.940
1.790
8.330
11.580
7.340
4.520
0.060
0.020
1.190
0.720
1.160
1.370
0.340
0.310
0.030
0.080
0.550
1.370
1.140
1.340
4.200
0.880
0.000
3.390
0.050
0.330
1.980
1.410
4.800
5.700
0.730
5.570
1.010
1.320
0.600
4.820
2.040
2.630
2.560
7.030
0.940
0.780
0.650
0.170
7.950
2.340
2.860
4.200
0.350
0.900
0.180
2.090
1.310
1.240
1.390
1.850
0.270
0.670
0.680
1.890
3.030
1.770
1.120
0.430
0.410
0.980
0.450
1.700
0.890
0.510
0.320
1.170
1.490
0.020
0.970
0.000
0.770
1.350
0.500
0.690
0.030
1.450
0.390
0.000
1.620
2.410
0.300
0.920
0.060
0.020
0.200
0.580
1.780
1.330
1.170
0.340
1.540
1.330
1.650
0.210
1.870
2.600
0.050
1.200
0.980
0.950
0.090
2.400
1.500
3.290
0.510
1.410
0.250
0.450
1.420
2.250
2.550
4.490
0.190
0.280
1.790
0.910
2.570
0.640
1.020
0.570
0.770
0.800
0.640
3.330
2.570
3.430
0.860
3.380
2.210
3.980
2.900
0.740
0.840
2.210
1.910
2.210
0.010
0.030
0.320
0.580
0.500
0.470
0.140
8.790
2.530
0.530
0.720
0.800
1.000
0.790
0.430
0.130
0.100
1.430
0.190
1.180
3.670
0.140
2.140
3.880
2.430
0.150
1.040
2.750
5.940
3.030
10.620
5.080
0.900
0.000
7.820
1.290
5.430
0.220
6.290
2.950
1.210
3.010
0.600
0.680
0.510
0.380
0.370
2.660
0.080
1.650
2.140
0.470
0.150
0.260
1.350
0.020
1.720
0.140
0.880
2.590
0.530
0.400
0.620
0.280
0.210
1.050
0.190
0.310
1.100
0.150
0.310
0.070
1.510
0.230
0.140
0.020
0.440
1.550
0.800
1.350
2.200
0.050
0.870
0.040
1.440
0.120
1.200
0.180
0.930
0.950
0.800
0.260
2.310
1.230
2.680
0.820
0.790
0.870
3.260
3.080
2.330
2.230
0.640
1.880
0.230
4.770
1.460
1.120
0.920
0.440
0.220
0.120
3.180
0.000
0.520
3.080
9.000
2.950
0.530
1.710
0.620
0.920
0.730
1.700
1.690
0.010
0.960
1.100
3.930
1.400
0.310
0.500
0.260
1.650
0.450
0.580
2.130
0.300
0.000
1.140
0.000
0.290
0.860
0.540
1.880
0.020
1.230
2.640
0.000
0.710
0.400
0.200
1.730
0.510
2.250
0.450
0.540
3.120
0.150
0.880
0.880
0.050
1.560
2.040
1.440
3.710
0.670
7.150
2.970
3.770
5.090
1.860
0.340
2.340
0.320
3.590
0.140
1.390
1.670
0.590
0.590
1.200
0.680
2.800
0.800
1.190
0.370
1.450
0.290
2.220
0.040
0.150
1.930
2.180
1.970
2.440
0.440
2.510
0.000
0.140
0.090
4.180
0.060
1.210
2.640
0.050
0.670
1.560
0.770
0.450
3.130
1.200
1.000
0.240
0.580
0.990
0.450
0.430
0.210
1.330
0.300
0.650
0.370
0.050
0.480
1.780
0.580
2.640
0.660
5.650
1.080
0.270
0.340
0.430
0.400
2.620
0.180
0.750
1.170
0.240
0.460
0.130
0.330
0.120
0.020
2.500
1.480
0.730
0.550
0.560
2.760
2.680
3.210
0.320
0.000
0.730
0.160
0.670
0.390
1.490
0.380
0.270
3.050
0.430
0.930
0.220
0.620
0.430
0.430
0.540
0.350
0.810
1.370
1.120
3.140
0.540
2.210
0.140
0.480
1.510
2.110
7.580
0.910
0.030
17.470
0.630
1.410
0.090
0.590
1.740
0.710
1.000
0.020
1.790
21.900
13.550
1.210
10.420
15.810
60.180
6.340
5.830
1.430
0.220
0.560
2.840
10.190
5.310
13.410
1.120
5.450
1.440
0.670
1.380
0.390
1.060
0.880
3.360
0.280
2.160
0.310
1.840
0.500
25.100
8.230
0.370
3.290
3.940
0.010
1.230
31.190
12.680
5.450
0.550
6.920
0.230
0.340
10.000
33.730
2.770
1.930
7.720
9.770
11.500
2.220
1.610
9.180
5.090
1.040
1.530
2.880
0.010
0.630
0.670
0.140
0.870
0.600
0.460
0.320
1.190
0.330
2.890
1.350
3.450
11.670
2.570
0.150
5.940
0.340
10.860
2.220
2.450
0.670
0.220
6.030
8.690
13.520
0.500
1.540
4.710
0.320
1.570
3.590
2.470
1.920
1.320
0.060
1.910
3.690
2.370
1.660
0.820
0.970
0.930
0.810
2.810
1.600
6.420
1.130
2.950
3.690
4.630
0.510
9.230
16.500
0.620
2.360
4.410
9.580
7.390
3.830
0.020
1.220
1.400
3.000
0.130
1.320
2.650
0.800
14.430
5.940
1.340
0.380
2.260
0.810
0.380
0.350
5.510
5.740
0.440
3.400
4.400
0.430
3.210
9.810
0.090
1.730
0.590
0.140
4.540
8.550
2.500
3.120
1.050
5.060
1.580
4.430
3.470
4.630
12.280
16.320
4.610
2.920
2.940
2.140
2.430
0.200
0.080
0.960
1.280
2.050
0.330
4.710
1.940
0.280
0.280
0.870
0.470
1.240
0.510
8.110
8.340
2.320
0.730
0.740
1.390
1.410
23.430
60.380
10.210
54.410
5.280
0.550
3.290
2.970
11.360
30.600
2.800
8.950
3.040
6.160
4.420
18.390
5.390
0.540
1.740
0.110
1.090
5.750
4.270
1.550
1.920
1.670
2.270
6.660
4.600
1.180
4.710
4.920
0.900
4.340
0.040
0.790
1.060
3.810
0.890
11.460
2.750
6.030
8.470
2.140
1.210
0.030
3.870
0.990
0.190
0.580
1.090
11.400
13.620
3.670
1.080
0.590
0.300
3.120
4.040
0.030
0.210
0.470
3.060
11.340
3.370
10.220
1.770
9.340
1.150
0.030
0.110
0.760
0.150
1.280
0.620
1.800
1.110
0.580
0.790
1.110
1.660
0.320
5.110
3.330
1.500
0.890
0.340
1.800
1.910
0.280
0.150
2.260
1.850
0.150
3.240
0.600
0.410
0.510
0.080
0.010
0.370
0.440
0.260
2.270
1.650
4.120
4.980
0.550
1.080
0.490
0.020
1.160
0.940
0.930
0.920
0.100
1.940
0.060
1.360
1.340
0.450
0.670
0.360
0.640
0.460
0.930
1.260
2.680
5.200
1.970
4.730
2.230
2.530
5.120
2.710
0.260
6.600
3.190
2.860
2.170
0.130
3.810
1.890
3.670
0.390
0.820
4.250
2.610
0.070
0.090
0.820
0.060
2.050
2.450
1.730
0.040
0.000
1.170
1.860
0.740
0.070
1.070
1.280
0.810
1.460
24.390
1.180
8.200
0.930
3.810
1.620
3.060
0.490
4.230
5.130
0.350
4.010
0.230
2.940
0.420
3.010
1.360
16.070
2.400
1.410
0.170
0.120
1.100
1.100
0.210
0.240
1.750
0.330
1.230
0.440
0.790
0.280
0.210
1.480
0.280
0.090
2.140
2.010
3.330
0.910
0.770
0.000
0.020
0.370
0.020
0.840
1.210
0.740
2.750
17.140
1.730
7.650
11.000
19.430
17.520
0.090
15.140
1.940
1.320
0.020
0.070
0.620
0.980
0.450
3.540
0.040
0.030
0.520
1.410
0.680
0.140
0.030
1.610
2.600
1.080
0.390
5.290
1.440
0.090
0.710
0.660
0.160
1.190
1.190
0.230
3.100
0.840
1.270
0.970
1.120
0.550
6.840
1.120
0.560
0.230
0.960
2.240
0.200
3.160
0.900
1.510
1.720
0.200
1.610
3.140
1.510
2.380
2.420
4.230
0.340
0.490
1.970
0.000
0.240
1.510
4.640
0.520
3.490
0.390
2.920
6.000
0.330
0.250
0.360
0.250
1.480
1.030
0.150
0.390
0.390
2.080
0.970
6.530
0.550
0.770
2.430
0.980
0.230
0.410
0.650
0.170
0.010
1.520
0.560
0.260
1.220
1.150
3.620
0.440
4.350
0.300
4.000
0.190
0.930
1.150
0.690
2.880
3.570
2.350
1.230
2.150
3.510
0.550
1.210
0.760
1.930
0.340
0.580
3.330
1.450
1.040
1.190
4.550
4.140
3.240
3.240
0.470
3.030
0.710
0.670
6.390
4.190
1.600
1.960
3.420
1.270
0.340
1.350
0.400
1.560
0.050
1.600
6.970
2.800
0.510
5.090
0.680
0.820
0.330
1.890
0.400
0.270
0.300
0.490
0.290
2.770
1.120
1.470
0.920
0.960
1.460
1.010
1.120
1.920
0.200
0.640
1.940
0.690
0.250
2.900
2.110
0.850
0.130
0.490
0.390
0.400
1.080
0.100
0.710
1.100
0.510
0.040
0.640
0.380
1.630
0.940
0.820
0.440
0.220
0.100
0.940
0.420
0.380
1.210
0.670
1.040
0.000
1.430
1.760
0.170
0.330
0.490
0.130
0.010
0.810
0.030
2.070
0.780
0.070
0.400
0.000
0.340
1.070
1.140
1.900
2.390
0.270
0.630
2.300
1.140
2.100
1.670
0.060
1.880
0.650
2.290
1.960
0.110
0.950
0.720
1.590
0.960
1.260
1.060
0.780
0.300
0.100
0.720
0.240
3.150
2.600
0.000
5.120
0.970
1.940
2.190
1.800
2.240
0.570
0.440
0.350
0.990
0.080
0.110
0.030
6.360
1.750
0.180
0.950
0.130
0.250
0.010
1.870
0.250
1.080
1.010
1.500
0.280
0.470
0.200
1.720
2.870
1.960
0.330
0.140
3.150
0.770
0.770
0.330
0.940
3.170
0.340
0.780
0.680
1.550
2.200
0.210
1.290
0.000
0.180
0.530
1.130
1.680
2.180
0.220
0.730
0.110
0.000
1.890
1.540
1.060
2.940
2.210
0.300
1.040
0.130
1.920
0.330
1.120
0.040
0.650
0.170
0.860
1.200
0.520
1.350
0.370
0.140
2.760
1.030
1.010
0.000
1.190
0.410
0.450
0.900
0.620
2.080
4.950
2.100
0.350
0.520
0.340
0.030
0.730
2.340
6.950
1.990
0.450
0.300
1.120
2.170
0.750
1.250
4.360
0.960
1.020
0.840
12.200
0.900
7.870
1.250
0.920
1.590
5.920
4.970
10.380
2.060
2.890
7.050
6.290
8.410
5.620
0.310
5.210
34.090
11.710
4.850
1.480
4.310
0.210
0.770
7.650
30.020
4.440
17.690
0.950
9.910
3.710
1.160
1.560
4.470
3.800
2.400
5.060
13.680
4.510
0.760
1.890
0.160
0.630
12.820
2.070
2.310
10.430
1.890
1.180
3.090
0.530
1.560
1.640
13.710
0.750
0.450
0.740
0.680
5.030
0.960
0.320
5.330
0.490
1.250
1.090
0.280
0.800
2.560
0.920
0.300
0.000
1.460
1.990
21.130
34.120
42.380
1.220
15.080
1.120
16.080
1.790
34.410
4.170
34.190
21.660
3.820
0.800
0.040
1.380
0.990
8.000
2.420
0.340
5.000
1.210
2.150
1.290
0.350
0.110
0.730
0.810
2.680
1.040
1.300
0.620
1.090
0.610
0.610
0.990
1.100
2.920
0.480
5.590
7.700
1.600
18.060
12.800
7.950
6.240
22.030
5.600
12.480
15.730
6.560
5.960
28.910
2.500
1.480
0.250
5.330
41.350
7.310
10.040
20.970
16.540
4.860
0.970
0.610
6.610
6.200
4.300
2.000
7.950
8.000
4.180
3.170
1.870
0.270
1.200
4.470
1.050
6.370
1.200
5.940
0.890
4.100
3.560
1.300
1.640
0.420
0.540
0.310
59.700
22.890
8.790
49.760
0.130
14.210
8.950
6.580
6.380
0.900
6.920
20.760
5.820
2.030
1.050
4.210
0.010
3.650
3.560
2.440
4.590
0.250
4.070
0.740
0.950
0.970
5.130
8.720
8.190
0.660
0.580
24.350
1.160
0.790
1.360
0.430
0.320
0.380
0.090
3.650
2.970
1.950
0.140
4.190
2.730
1.060
1.470
1.980
0.330
16.210
7.420
5.250
24.200
16.290
1.040
1.510
4.980
1.150
10.500
3.070
7.380
4.890
1.930
2.480
9.780
18.530
0.060
2.240
4.960
0.810
2.860
21.560
2.170
2.250
22.730
37.870
11.080
1.980
0.000
9.630
0.490
0.000
2.420
0.130
2.130
0.690
2.680
2.170
1.090
0.410
0.510
6.890
1.480
0.900
1.450
4.720
0.180
2.720
0.060
1.040
0.990
0.960
1.290
0.300
0.230
0.910
3.100
1.270
0.060
2.760
0.680
0.280
4.630
1.910
0.780
3.500
0.780
3.640
0.130
0.380
3.330
3.740
3.990
0.000
1.880
1.690
2.830
0.340
2.000
0.920
0.710
1.000
0.290
0.230
0.670
0.790
0.900
11.050
30.000
1.120
7.840
13.110
2.410
14.180
7.400
0.470
5.190
0.670
14.730
14.980
0.940
4.890
6.380
2.410
2.630
0.180
4.520
2.970
1.310
1.020
12.340
3.780
0.170
0.570
0.380
5.080
2.400
14.720
0.580
0.010
0.300
9.200
8.980
3.000
2.460
0.700
0.660
6.730
0.880
1.190
1.640
0.300
2.290
0.280
5.720
1.320
1.040
0.190
2.940
1.410
2.080
3.280
0.580
1.400
1.880
20.220
0.620
0.310
0.710
19.210
1.310
11.850
25.540
4.150
3.830
3.950
6.040
0.150
2.410
2.770
3.560
4.360
0.420
1.880
0.130
0.460
2.420
3.110
14.440
2.640
1.180
3.200
0.590
1.540
1.170
2.010
3.020
0.740
2.780
0.640
0.180
0.510
3.650
1.990
1.210
2.450
4.630
0.120
0.630
0.050
0.910
5.870
2.360
8.820
2.950
8.970
0.960
10.540
0.420
3.090
0.690
0.440
0.850
0.760
10.630
0.500
6.110
0.480
3.990
2.490
4.740
1.530
7.530
1.860
7.470
2.370
0.830
0.410
2.420
0.540
0.790
2.710
1.610
1.940
0.340
0.230
4.300
0.680
11.910
1.520
0.240
0.150
1.190
1.500
0.290
0.140
0.990
0.970
1.310
0.470
0.490
0.580
0.520
1.150
2.880
0.440
0.210
0.200
1.650
0.200
0.660
0.090
0.410
1.670
1.310
0.890
5.730
0.710
0.300
0.610
2.480
0.030
0.020
0.180
1.120
0.120
1.510
1.530
1.400
1.550
1.760
2.850
0.170
0.610
1.370
13.490
17.600
2.910
0.000
54.530
0.360
1.020
0.560
11.760
13.710
0.260
0.520
1.880
5.860
0.660
13.310
5.260
0.860
1.980
1.460
0.030
0.840
0.290
2.990
1.990
0.860
1.070
0.240
0.840
1.220
0.180
0.190
1.810
0.300
2.050
3.250
1.070
6.390
3.620
1.750
4.540
6.390
3.440
1.290
1.070
6.790
6.570
1.390
3.450
9.690
1.220
0.470
17.930
7.730
1.300
0.710
0.410
0.920
6.430
0.190
5.600
8.100
3.530
0.720
1.290
2.450
1.460
2.570
2.380
0.630
2.440
0.170
2.550
0.820
1.560
0.240
0.490
0.370
1.620
1.700
0.010
3.100
0.280
1.350
0.470
0.810
18.130
4.090
6.510
1.420
1.430
0.970
1.590
8.570
5.930
15.180
0.880
0.780
24.640
2.460
0.670
3.060
1.350
16.000
3.880
5.070
5.900
0.830
4.440
0.860
0.620
0.080
0.140
0.120
1.090
0.480
0.000
2.790
9.000
0.090
0.750
6.300
1.800
5.060
1.780
0.560
0.580
3.400
0.100
2.850
4.370
2.610
8.570
5.600
0.030
0.370
1.950
1.730
1.550
0.370
1.620
1.960
0.680
1.320
0.010
2.380
0.770
7.970
0.520
1.290
0.040
0.670
11.010
0.520
0.750
0.810
1.220
11.490
0.190
10.030
10.710
0.170
0.440
6.360
0.300
2.110
1.600
0.360
0.440
1.070
0.310
0.530
0.350
4.690
2.100
8.270
0.880
7.860
9.370
4.260
1.150
1.510
0.860
15.250
0.510
3.570
3.230
2.260
8.980
2.230
13.910
5.500
6.650
1.670
1.580
0.100
1.390
0.150
0.530
0.650
0.250
0.440
1.140
0.750
0.830
1.830
